470952
0
118107
0
58758
0
36758
0
25599
0
19237
0
15169
0
12237
0
10343
0
8680
0
7555
0
6798
0
5932
0
5295
0
4763
0
4234
0
3898
0
3621
0
3314
0
3059
0
2867
0
2737
0
2511
0
2309
0
2180
0
2036
0
1966
0
1865
0
1762
0
1690
0
1556
0
1526
0
1445
0
1409
0
1286
0
1244
0
1198
0
1200
0
1151
0
1101
0
1043
0
1032
0
1066
0
923
0
904
0
886
0
842
0
845
0
802
0
777
0
758
0
769
0
735
0
688
0
657
0
641
0
715
0
635
0
564
0
576
0
545
0
576
0
551
0
530
0
531
0
507
0
473
0
452
0
457
0
470
0
442
0
440
0
420
0
418
0
375
0
406
0
383
0
388
0
392
0
374
0
386
0
396
0
379
0
356
0
360
0
318
0
328
0
324
0
321
0
330
0
322
0
324
0
322
0
298
0
294
0
286
0
305
0
268
0
272
0
263
0
278
0
283
0
239
0
261
0
253
0
245
0
247
0
232
0
226
0
261
0
252
0
237
0
236
0
224
0
230
0
216
0
211
0
219
0
223
0
223
0
215
0
223
0
211
0
219
0
204
0
212
0
191
0
186
0
191
0
176
0
183
0
178
0
180
0
192
0
164
0
163
0
149
0
173
0
169
0
173
0
177
0
184
0
139
0
173
0
185
0
158
0
148
0
167
0
169
0
143
0
136
0
168
0
169
0
155
0
139
0
131
0
137
0
147
0
146
0
129
0
141
0
152
0
147
0
145
0
136
0
127
0
129
0
124
0
143
0
132
0
132
0
118
0
125
0
100
0
119
0
111
0
119
0
122
0
121
0
127
0
128
0
140
0
130
0
120
0
108
0
115
0
116
0
108
0
101
0
100
0
116
0
121
0
115
0
113
0
94
0
113
0
111
0
111
0
102
0
101
0
94
0
98
0
109
0
93
0
98
0
76
0
90
0
98
0
82
0
74
0
97
0
92
0
99
0
98
0
96
0
98
0
102
0
86
0
82
0
83
0
69
0
71
0
95
0
73
0
90
0
88
0
82
0
86
0
88
0
84
0
85
0
80
0
74
0
88
0
84
0
82
0
76
0
67
0
77
0
70
0
77
0
77
0
88
0
82
0
79
0
67
0
73
0
68
0
71
0
84
0
80
0
76
0
83
0
64
0
53
0
72
0
77
0
65
0
68
0
83
0
82
0
63
0
64
0
65
0
71
0
68
0
69
0
57
0
69
0
70
0
62
0
62
0
75
0
63
0
63
0
68
0
77
0
74
0
77
0
60
0
60
0
58
0
80
0
63
0
72
0
70
0
72
0
50
0
57
0
77
0
72
0
75
0
67
0
62
0
56
0
61
0
64
0
67
0
66
0
50
0
57
0
50
0
67
0
72
0
72
0
50
0
58
0
54
0
62
0
51
0
60
0
57
0
51
0
46
0
61
0
55
0
53
0
59
0
61
0
66
0
65
0
53
0
58
0
47
0
54
0
52
0
62
0
49
0
51
0
66
0
64
0
59
0
65
0
62
0
58
0
48
0
39
0
50
0
55
0
52
0
56
0
57
0
57
0
43
0
46
0
53
0
45
0
48
0
55
0
55
0
49
0
44
0
57
0
53
0
43
0
50
0
39
0
47
0
45
0
43
0
47
0
46
0
52
0
47
0
44
0
52
0
51
0
44
0
49
0
53
0
58
0
49
0
50
0
49
0
44
0
47
0
41
0
48
0
52
0
54
0
41
0
50
0
41
0
44
0
49
0
51
0
52
0
42
0
49
0
43
0
48
0
44
0
39
0
33
0
34
0
38
0
48
0
44
0
38
0
51
0
49
0
37
0
45
0
40
0
46
0
41
0
48
0
40
0
36
0
37
0
37
0
41
0
44
0
40
0
51
0
53
0
43
0
40
0
31
0
34
0
40
0
38
0
44
0
30
0
36
0
31
0
45
0
39
0
41
0
43
0
39
0
39
0
44
0
35
0
40
0
24
0
33
0
29
0
28
0
33
0
39
0
28
0
34
0
37
0
39
0
33
0
43
0
41
0
35
0
35
0
43
0
36
0
48
0
43
0
34
0
30
0
31
0
31
0
34
0
37
0
46
0
44
0
38
0
37
0
46
0
31
0
34
0
38
0
44
0
39
0
35
0
34
0
33
0
26
0
34
0
31
0
40
0
35
0
32
0
32
0
31
0
39
0
31
0
25
0
37
0
20
0
40
0
32
0
34
0
44
0
32
0
35
0
21
0
35
0
27
0
32
0
30
0
36
0
38
0
30
0
30
0
20
0
19
0
25
0
22
0
26
0
27
0
23
0
29
0
28
0
30
0
26
0
21
0
21
0
22
0
37
0
33
0
27
0
38
0
44
0
36
0
30
0
36
0
26
0
30
0
34
0
34
0
39
0
47
0
38
0
40
0
49
0
38
0
40
0
36
0
35
0
35
0
26
0
35
0
37
0
32
0
28
0
34
0
29
0
37
0
31
0
29
0
36
0
29
0
32
0
39
0
25
0
38
0
28
0
32
0
32
0
26
0
32
0
39
0
31
0
38
0
32
0
44
0
35
0
39
0
39
0
36
0
30
0
31
0
42
0
27
0
28
0
26
0
22
0
26
0
27
0
29
0
34
0
36
0
35
0
48
0
38
0
27
0
33
0
40
0
33
0
36
0
22
0
30
0
29
0
26
0
24
0
30
0
29
0
33
0
31
0
26
0
36
0
20
0
23
0
34
0
21
0
18
0
38
0
19
0
20
0
33
0
33
0
39
0
29
0
27
0
38
0
33
0
33
0
24
0
26
0
33
0
33
0
31
0
22
0
26
0
25
0
25
0
24
0
27
0
27
0
36
0
30
0
27
0
24
0
23
0
19
0
26
0
26
0
30
0
29
0
24
0
23
0
27
0
24
0
27
0
31
0
32
0
33
0
29
0
38
0
33
0
24
0
17
0
18
0
22
0
19
0
28
0
29
0
22
0
25
0
25
0
16
0
16
0
28
0
22
0
17
0
25
0
32
0
22
0
28
0
21
0
31
0
25
0
28
0
35
0
25
0
28
0
21
0
24
0
28
0
32
0
22
0
42
0
29
0
23
0
31
0
29
0
23
0
17
0
34
0
24
0
22
0
27
0
23
0
14
0
21
0
24
0
22
0
20
0
27
0
24
0
25
0
22
0
20
0
20
0
20
0
26
0
30
0
31
0
28
0
29
0
35
0
22
0
27
0
24
0
26
0
27
0
34
0
22
0
32
0
32
0
29
0
20
0
23
0
20
0
23
0
25
0
24
0
35
0
26
0
30
0
28
0
36
0
30
0
32
0
27
0
28
0
34
0
24
0
32
0
21
0
24
0
24
0
22
0
23
0
34
0
22
0
30
0
22
0
31
0
22
0
29
0
18
0
20
0
31
0
35
0
25
0
19
0
30
0
21
0
33
0
32
0
26
0
24
0
28
0
31
0
27
0
33
0
35
0
20
0
22
0
29
0
35
0
23
0
26
0
23
0
14
0
18
0
25
0
21
0
30
0
27
0
36
0
19
0
27
0
29
0
19
0
35
0
19
0
27
0
18
0
21
0
22
0
33
0
26
0
21
0
30
0
35
0
30
0
27
0
24
0
31
0
32
0
19
0
17
0
22
0
30
0
36
0
31
0
22
0
18
0
25
0
25
0
20
0
34
0
38
0
26
0
25
0
25
0
28
0
16
0
23
0
24
0
26
0
21
0
32
0
30
0
20
0
26
0
18
0
26
0
26
0
25
0
29
0
27
0
22
0
19
0
17
0
31
0
35
0
33
0
41
0
22
0
23
0
32
0
41
0
41
0
27
0
28
0
29
0
33
0
31
0
29
0
27
0
21
0
23
0
30
0
25
0
26
0
29
0
31
0
21
0
21
0
22
0
31
0
35
0
25
0
25
0
24
0
22
0
33
0
23
0
32
0
30
0
27
0
37
0
23
0
33
0
36
0
32
0
36
0
32
0
34
0
34
0
33
0
26
0
29
0
26
0
24
0
21
0
30
0
31
0
25
0
23
0
34
0
26
0
34
0
33
0
26
0
25
0
40
0
42
0
33
0
30
0
34
0
30
0
29
0
25
0
27
0
20
0
25
0
29
0
28
0
31
0
39
0
27
0
29
0
29
0
38
0
36
0
32
0
44
0
34
0
40
0
29
0
39
0
39
0
45
0
32
0
27
0
41
0
32
0
40
0
37
0
32
0
37
0
33
0
25
0
29
0
33
0
32
0
35
0
39
0
39
0
47
0
36
0
37
0
28
0
32
0
30
0
29
0
41
0
39
0
37
0
41
0
39
0
36
0
50
0
46
0
39
0
34
0
47
0
37
0
42
0
48
0
31
0
43
0
46
0
40
0
44
0
37
0
39
0
60
0
49
0
50
0
63
0
52
0
49
0
53
0
60
0
57
0
63
0
55
0
65
0
74
0
75
0
76
0
69
0
65
0
70
0
65
0
78
0
86
0
70
0
83
0
81
0
84
0
103
0
102
0
106
0
140
0
163
0
160
0
248
0
