4150703
0
1125308
0
716483
0
457816
0
333808
0
254432
0
203586
0
166631
0
140162
0
120200
0
104200
0
91610
0
81120
0
72845
0
65415
0
59782
0
54718
0
50228
0
46210
0
43055
0
39696
0
37228
0
34864
0
32487
0
30784
0
29201
0
27748
0
26117
0
24777
0
23649
0
22353
0
21375
0
20588
0
19473
0
18564
0
18053
0
17314
0
16542
0
15867
0
15355
0
14831
0
14227
0
13802
0
13425
0
12992
0
12535
0
12217
0
11856
0
11418
0
11142
0
10771
0
10455
0
10178
0
10018
0
9679
0
9474
0
9109
0
8988
0
8578
0
8369
0
8282
0
8089
0
7907
0
7742
0
7587
0
7336
0
7271
0
7207
0
6936
0
6688
0
6584
0
6446
0
6382
0
6277
0
6148
0
5964
0
5852
0
5792
0
5802
0
5535
0
5420
0
5379
0
5276
0
5217
0
5148
0
5055
0
4918
0
4895
0
4804
0
4687
0
4680
0
4561
0
4453
0
4447
0
4438
0
4313
0
4258
0
4047
0
4106
0
3935
0
3929
0
3841
0
3856
0
3767
0
3680
0
3641
0
3595
0
3486
0
3569
0
3522
0
3452
0
3463
0
3389
0
3384
0
3336
0
3303
0
3276
0
3090
0
3085
0
3190
0
3102
0
3109
0
3010
0
3019
0
2971
0
2867
0
2836
0
2791
0
2832
0
2759
0
2691
0
2629
0
2610
0
2607
0
2696
0
2521
0
2666
0
2513
0
2579
0
2495
0
2533
0
2437
0
2428
0
2383
0
2390
0
2384
0
2366
0
2396
0
2351
0
2242
0
2138
0
2201
0
2208
0
2123
0
2172
0
2140
0
2171
0
2056
0
2035
0
2055
0
2029
0
2026
0
2051
0
1997
0
1985
0
1950
0
1966
0
1957
0
1935
0
1943
0
1900
0
1875
0
1859
0
1903
0
1766
0
1826
0
1781
0
1734
0
1708
0
1770
0
1728
0
1740
0
1709
0
1704
0
1706
0
1686
0
1675
0
1609
0
1621
0
1622
0
1624
0
1605
0
1625
0
1579
0
1618
0
1541
0
1488
0
1550
0
1537
0
1512
0
1482
0
1494
0
1552
0
1422
0
1498
0
1466
0
1437
0
1405
0
1410
0
1417
0
1398
0
1384
0
1420
0
1378
0
1406
0
1347
0
1362
0
1396
0
1323
0
1258
0
1326
0
1249
0
1313
0
1274
0
1269
0
1260
0
1278
0
1288
0
1294
0
1303
0
1244
0
1266
0
1228
0
1237
0
1251
0
1272
0
1222
0
1245
0
1218
0
1171
0
1252
0
1247
0
1196
0
1200
0
1178
0
1167
0
1168
0
1178
0
1127
0
1117
0
1097
0
1063
0
1119
0
1069
0
1046
0
1054
0
1037
0
1070
0
1082
0
1066
0
991
0
1033
0
1093
0
1099
0
1116
0
1039
0
1055
0
1011
0
1052
0
1023
0
953
0
982
0
971
0
949
0
998
0
1044
0
1052
0
927
0
983
0
925
0
970
0
952
0
920
0
919
0
932
0
898
0
957
0
909
0
963
0
925
0
859
0
907
0
909
0
852
0
856
0
906
0
893
0
863
0
863
0
941
0
926
0
917
0
876
0
868
0
844
0
842
0
855
0
798
0
823
0
905
0
823
0
828
0
796
0
811
0
857
0
819
0
837
0
804
0
791
0
799
0
817
0
822
0
827
0
794
0
807
0
785
0
772
0
757
0
789
0
791
0
752
0
792
0
742
0
730
0
723
0
718
0
743
0
738
0
696
0
744
0
696
0
712
0
711
0
729
0
729
0
745
0
699
0
781
0
701
0
752
0
721
0
698
0
728
0
705
0
738
0
735
0
716
0
742
0
690
0
733
0
670
0
680
0
693
0
713
0
646
0
715
0
678
0
706
0
700
0
668
0
681
0
655
0
662
0
643
0
641
0
607
0
624
0
636
0
651
0
660
0
646
0
685
0
685
0
631
0
667
0
666
0
642
0
678
0
670
0
641
0
667
0
625
0
610
0
622
0
584
0
650
0
588
0
582
0
584
0
587
0
623
0
639
0
605
0
580
0
619
0
612
0
580
0
610
0
566
0
593
0
587
0
614
0
629
0
585
0
559
0
581
0
621
0
597
0
585
0
555
0
552
0
585
0
593
0
585
0
557
0
563
0
579
0
557
0
572
0
600
0
585
0
556
0
535
0
550
0
570
0
568
0
566
0
573
0
578
0
575
0
571
0
521
0
554
0
546
0
575
0
518
0
558
0
522
0
519
0
502
0
569
0
553
0
543
0
533
0
514
0
504
0
537
0
521
0
491
0
535
0
551
0
531
0
550
0
510
0
506
0
515
0
524
0
534
0
530
0
517
0
492
0
471
0
481
0
513
0
488
0
493
0
498
0
497
0
492
0
518
0
502
0
518
0
509
0
509
0
501
0
537
0
499
0
480
0
482
0
472
0
444
0
508
0
471
0
477
0
450
0
466
0
458
0
467
0
462
0
460
0
517
0
489
0
517
0
444
0
505
0
476
0
477
0
506
0
454
0
483
0
458
0
496
0
445
0
506
0
471
0
473
0
474
0
462
0
450
0
454
0
415
0
397
0
466
0
449
0
468
0
461
0
476
0
478
0
484
0
436
0
469
0
480
0
474
0
459
0
463
0
470
0
454
0
465
0
465
0
431
0
473
0
436
0
475
0
425
0
427
0
424
0
395
0
457
0
413
0
443
0
454
0
430
0
476
0
416
0
428
0
434
0
434
0
421
0
462
0
485
0
452
0
456
0
447
0
424
0
420
0
439
0
417
0
441
0
443
0
438
0
453
0
419
0
473
0
393
0
405
0
420
0
411
0
419
0
442
0
447
0
411
0
414
0
464
0
404
0
430
0
417
0
377
0
414
0
435
0
388
0
448
0
411
0
442
0
429
0
431
0
402
0
410
0
456
0
404
0
421
0
404
0
423
0
422
0
408
0
394
0
420
0
410
0
362
0
396
0
397
0
380
0
368
0
373
0
389
0
373
0
379
0
390
0
360
0
419
0
378
0
399
0
405
0
407
0
402
0
388
0
421
0
405
0
370
0
393
0
369
0
395
0
399
0
388
0
394
0
386
0
395
0
404
0
396
0
414
0
419
0
417
0
378
0
391
0
366
0
375
0
361
0
368
0
408
0
402
0
417
0
392
0
393
0
421
0
390
0
393
0
390
0
434
0
385
0
398
0
382
0
335
0
359
0
381
0
380
0
381
0
346
0
378
0
379
0
347
0
364
0
403
0
381
0
374
0
359
0
393
0
369
0
364
0
400
0
411
0
404
0
377
0
382
0
418
0
394
0
375
0
388
0
378
0
393
0
405
0
376
0
368
0
376
0
382
0
378
0
355
0
350
0
414
0
370
0
369
0
369
0
374
0
345
0
375
0
343
0
358
0
392
0
371
0
366
0
397
0
372
0
355
0
358
0
326
0
342
0
379
0
340
0
402
0
383
0
389
0
359
0
369
0
364
0
383
0
354
0
400
0
382
0
399
0
341
0
348
0
374
0
376
0
395
0
393
0
395
0
385
0
394
0
380
0
379
0
355
0
380
0
375
0
398
0
372
0
381
0
354
0
374
0
357
0
361
0
345
0
378
0
344
0
386
0
380
0
370
0
346
0
352
0
377
0
345
0
369
0
360
0
356
0
359
0
355
0
381
0
357
0
384
0
359
0
378
0
353
0
391
0
356
0
341
0
354
0
335
0
354
0
381
0
352
0
379
0
358
0
392
0
372
0
366
0
354
0
358
0
390
0
366
0
377
0
349
0
363
0
373
0
390
0
382
0
353
0
394
0
391
0
366
0
403
0
392
0
381
0
361
0
380
0
364
0
346
0
390
0
383
0
411
0
372
0
386
0
394
0
384
0
362
0
367
0
371
0
378
0
368
0
395
0
388
0
396
0
381
0
375
0
423
0
391
0
396
0
372
0
402
0
365
0
394
0
363
0
367
0
387
0
379
0
385
0
401
0
414
0
388
0
378
0
391
0
393
0
403
0
406
0
374
0
403
0
366
0
399
0
389
0
406
0
421
0
407
0
371
0
365
0
404
0
392
0
406
0
370
0
396
0
406
0
402
0
390
0
425
0
403
0
428
0
404
0
414
0
383
0
411
0
408
0
398
0
379
0
372
0
398
0
373
0
408
0
408
0
417
0
427
0
392
0
408
0
407
0
426
0
411
0
417
0
430
0
405
0
424
0
405
0
400
0
448
0
426
0
442
0
421
0
416
0
469
0
456
0
442
0
450
0
438
0
465
0
459
0
439
0
449
0
454
0
467
0
427
0
454
0
466
0
429
0
454
0
421
0
453
0
459
0
505
0
485
0
469
0
506
0
486
0
474
0
442
0
460
0
448
0
521
0
460
0
505
0
492
0
507
0
491
0
510
0
470
0
489
0
473
0
468
0
507
0
518
0
505
0
517
0
528
0
486
0
551
0
542
0
556
0
537
0
519
0
543
0
573
0
516
0
566
0
534
0
566
0
528
0
560
0
576
0
575
0
588
0
577
0
562
0
592
0
626
0
634
0
652
0
653
0
625
0
655
0
665
0
686
0
621
0
669
0
662
0
666
0
675
0
710
0
725
0
678
0
689
0
749
0
762
0
771
0
780
0
772
0
764
0
830
0
840
0
905
0
896
0
958
0
946
0
942
0
999
0
989
0
992
0
1055
0
1092
0
1153
0
1227
0
1230
0
1330
0
1473
0
1588
0
1828
0
2078
0
2391
0
4088
0
