5006067
0
1252587
0
626391
0
390856
0
273789
0
205231
0
161850
0
131622
0
109550
0
93292
0
80492
0
70819
0
62510
0
55785
0
49894
0
45654
0
41561
0
38335
0
35052
0
32903
0
30169
0
28082
0
26520
0
24747
0
23383
0
21990
0
20751
0
19716
0
18705
0
17812
0
17011
0
16095
0
15261
0
14814
0
13991
0
13631
0
12596
0
12547
0
11690
0
11498
0
11058
0
10836
0
10406
0
10000
0
9788
0
9295
0
9182
0
8788
0
8606
0
8253
0
8093
0
7782
0
7543
0
7318
0
7084
0
7004
0
6627
0
6553
0
6446
0
6343
0
6227
0
6101
0
5819
0
5926
0
5602
0
5386
0
5177
0
5155
0
5111
0
4931
0
4981
0
4754
0
4648
0
4612
0
4533
0
4435
0
4365
0
4200
0
4312
0
4058
0
4033
0
3835
0
3904
0
3733
0
3748
0
3591
0
3573
0
3548
0
3540
0
3452
0
3521
0
3321
0
3184
0
3250
0
3215
0
3101
0
3074
0
3006
0
3094
0
3051
0
3001
0
2969
0
2803
0
2840
0
2834
0
2672
0
2613
0
2711
0
2602
0
2625
0
2606
0
2536
0
2556
0
2453
0
2424
0
2394
0
2345
0
2381
0
2354
0
2371
0
2302
0
2292
0
2197
0
2145
0
2204
0
2154
0
2105
0
2020
0
2055
0
2142
0
2016
0
1959
0
1960
0
1975
0
2004
0
1984
0
1880
0
1820
0
1841
0
1832
0
1866
0
1830
0
1771
0
1753
0
1769
0
1732
0
1709
0
1756
0
1648
0
1735
0
1678
0
1664
0
1615
0
1652
0
1636
0
1593
0
1592
0
1566
0
1567
0
1612
0
1517
0
1530
0
1478
0
1521
0
1412
0
1492
0
1402
0
1362
0
1403
0
1427
0
1369
0
1369
0
1395
0
1377
0
1352
0
1321
0
1308
0
1263
0
1348
0
1324
0
1274
0
1263
0
1316
0
1211
0
1204
0
1244
0
1280
0
1193
0
1239
0
1218
0
1227
0
1199
0
1256
0
1165
0
1147
0
1111
0
1168
0
1157
0
1132
0
1128
0
1084
0
1088
0
1065
0
1072
0
1042
0
1052
0
1056
0
1032
0
1044
0
1065
0
1013
0
1027
0
1063
0
1010
0
1037
0
995
0
1001
0
954
0
970
0
944
0
955
0
973
0
959
0
992
0
950
0
930
0
954
0
944
0
948
0
954
0
955
0
899
0
895
0
921
0
906
0
884
0
882
0
853
0
904
0
872
0
876
0
832
0
918
0
909
0
874
0
917
0
820
0
896
0
806
0
839
0
819
0
811
0
809
0
810
0
817
0
852
0
830
0
762
0
787
0
756
0
764
0
764
0
704
0
781
0
720
0
761
0
798
0
736
0
782
0
761
0
716
0
706
0
752
0
738
0
743
0
674
0
738
0
753
0
744
0
753
0
740
0
710
0
686
0
689
0
632
0
681
0
717
0
711
0
686
0
666
0
703
0
659
0
670
0
686
0
677
0
682
0
716
0
642
0
662
0
649
0
638
0
634
0
637
0
684
0
607
0
615
0
659
0
607
0
642
0
608
0
634
0
616
0
648
0
599
0
570
0
605
0
609
0
593
0
577
0
612
0
621
0
609
0
608
0
552
0
543
0
576
0
600
0
613
0
587
0
621
0
610
0
568
0
627
0
556
0
579
0
570
0
523
0
561
0
547
0
557
0
540
0
532
0
552
0
528
0
547
0
572
0
552
0
513
0
501
0
510
0
517
0
557
0
532
0
535
0
496
0
484
0
513
0
519
0
507
0
524
0
492
0
490
0
483
0
483
0
518
0
509
0
497
0
504
0
512
0
530
0
511
0
472
0
450
0
440
0
451
0
440
0
430
0
477
0
490
0
473
0
459
0
513
0
479
0
439
0
463
0
499
0
458
0
484
0
456
0
476
0
490
0
473
0
485
0
462
0
480
0
450
0
464
0
484
0
484
0
445
0
451
0
455
0
452
0
425
0
447
0
455
0
441
0
435
0
451
0
459
0
456
0
436
0
440
0
432
0
423
0
430
0
449
0
396
0
424
0
427
0
407
0
402
0
404
0
426
0
390
0
454
0
471
0
390
0
433
0
403
0
405
0
442
0
417
0
412
0
457
0
420
0
431
0
387
0
408
0
401
0
422
0
402
0
417
0
413
0
400
0
403
0
378
0
397
0
404
0
363
0
355
0
389
0
399
0
375
0
397
0
392
0
381
0
362
0
378
0
395
0
376
0
386
0
374
0
388
0
395
0
373
0
352
0
364
0
398
0
405
0
395
0
377
0
347
0
372
0
366
0
386
0
370
0
354
0
357
0
389
0
360
0
362
0
365
0
339
0
393
0
408
0
373
0
373
0
393
0
339
0
342
0
378
0
359
0
381
0
387
0
344
0
339
0
356
0
369
0
341
0
351
0
352
0
362
0
363
0
344
0
387
0
346
0
377
0
359
0
336
0
334
0
329
0
336
0
375
0
375
0
360
0
356
0
343
0
297
0
341
0
364
0
367
0
337
0
362
0
354
0
369
0
372
0
291
0
356
0
337
0
334
0
312
0
333
0
357
0
299
0
326
0
328
0
323
0
334
0
318
0
329
0
313
0
325
0
288
0
335
0
350
0
334
0
324
0
319
0
343
0
303
0
328
0
304
0
303
0
310
0
293
0
308
0
321
0
325
0
344
0
320
0
343
0
352
0
341
0
349
0
311
0
327
0
306
0
319
0
343
0
350
0
330
0
303
0
305
0
324
0
352
0
329
0
320
0
327
0
301
0
306
0
339
0
328
0
303
0
294
0
295
0
290
0
273
0
272
0
309
0
331
0
280
0
305
0
335
0
325
0
362
0
320
0
311
0
303
0
313
0
305
0
303
0
320
0
281
0
301
0
310
0
298
0
276
0
276
0
280
0
303
0
291
0
266
0
280
0
321
0
294
0
286
0
304
0
297
0
289
0
305
0
309
0
283
0
271
0
272
0
279
0
266
0
290
0
288
0
304
0
311
0
295
0
312
0
277
0
285
0
264
0
282
0
276
0
307
0
270
0
262
0
288
0
268
0
284
0
300
0
257
0
258
0
269
0
254
0
246
0
269
0
237
0
276
0
286
0
265
0
275
0
279
0
269
0
267
0
258
0
267
0
263
0
272
0
303
0
304
0
268
0
294
0
279
0
272
0
273
0
281
0
297
0
307
0
279
0
290
0
300
0
257
0
265
0
285
0
248
0
229
0
261
0
268
0
260
0
308
0
280
0
286
0
258
0
242
0
236
0
266
0
281
0
288
0
275
0
302
0
275
0
280
0
274
0
262
0
295
0
302
0
260
0
272
0
323
0
292
0
248
0
293
0
282
0
283
0
305
0
268
0
280
0
274
0
295
0
260
0
271
0
274
0
275
0
242
0
258
0
288
0
267
0
266
0
288
0
279
0
293
0
269
0
249
0
231
0
280
0
262
0
272
0
272
0
259
0
295
0
262
0
295
0
273
0
271
0
297
0
299
0
278
0
251
0
282
0
279
0
280
0
304
0
271
0
307
0
276
0
299
0
302
0
318
0
294
0
283
0
286
0
271
0
303
0
274
0
306
0
275
0
268
0
295
0
253
0
270
0
286
0
269
0
252
0
265
0
280
0
296
0
278
0
282
0
277
0
267
0
265
0
257
0
270
0
288
0
268
0
251
0
276
0
280
0
279
0
272
0
279
0
302
0
276
0
287
0
242
0
256
0
258
0
282
0
280
0
263
0
289
0
290
0
311
0
308
0
269
0
267
0
266
0
271
0
269
0
249
0
240
0
252
0
273
0
277
0
274
0
285
0
279
0
229
0
294
0
266
0
228
0
265
0
285
0
267
0
309
0
322
0
262
0
272
0
299
0
266
0
307
0
293
0
293
0
290
0
272
0
279
0
290
0
272
0
294
0
283
0
299
0
293
0
300
0
291
0
281
0
301
0
307
0
292
0
293
0
272
0
297
0
296
0
282
0
310
0
281
0
306
0
299
0
303
0
288
0
293
0
300
0
290
0
325
0
295
0
320
0
301
0
299
0
340
0
308
0
291
0
309
0
330
0
294
0
311
0
330
0
296
0
286
0
282
0
326
0
311
0
283
0
307
0
279
0
312
0
297
0
288
0
307
0
305
0
290
0
297
0
324
0
307
0
309
0
280
0
303
0
323
0
338
0
331
0
325
0
315
0
324
0
352
0
331
0
358
0
359
0
353
0
343
0
304
0
326
0
319
0
351
0
353
0
359
0
328
0
317
0
342
0
360
0
365
0
354
0
349
0
353
0
343
0
362
0
355
0
341
0
341
0
387
0
383
0
338
0
340
0
374
0
362
0
390
0
400
0
374
0
399
0
369
0
349
0
358
0
404
0
375
0
360
0
366
0
385
0
369
0
414
0
366
0
407
0
401
0
395
0
384
0
413
0
404
0
415
0
398
0
445
0
433
0
441
0
420
0
417
0
431
0
409
0
435
0
469
0
459
0
476
0
487
0
450
0
511
0
484
0
488
0
470
0
492
0
529
0
503
0
499
0
527
0
515
0
528
0
566
0
580
0
595
0
596
0
619
0
593
0
667
0
683
0
623
0
666
0
709
0
725
0
709
0
800
0
807
0
799
0
826
0
889
0
929
0
1076
0
1149
0
1253
0
1355
0
1596
0
1775
0
2466
0
