414943
0
112674
0
71857
0
45997
0
33495
0
25477
0
20070
0
16715
0
14060
0
12144
0
10435
0
9311
0
8044
0
7353
0
6626
0
5975
0
5525
0
4987
0
4562
0
4190
0
4053
0
3678
0
3479
0
3306
0
3109
0
2903
0
2694
0
2582
0
2481
0
2276
0
2206
0
2120
0
1981
0
2011
0
1944
0
1809
0
1755
0
1662
0
1608
0
1507
0
1454
0
1469
0
1403
0
1341
0
1276
0
1248
0
1197
0
1185
0
1131
0
1120
0
1007
0
1046
0
928
0
930
0
904
0
909
0
864
0
887
0
842
0
854
0
807
0
824
0
757
0
752
0
697
0
696
0
725
0
728
0
684
0
653
0
646
0
700
0
660
0
671
0
594
0
577
0
616
0
594
0
559
0
525
0
543
0
509
0
482
0
476
0
489
0
508
0
473
0
478
0
465
0
451
0
471
0
459
0
453
0
444
0
395
0
442
0
413
0
431
0
415
0
406
0
404
0
403
0
371
0
362
0
368
0
360
0
337
0
344
0
353
0
344
0
325
0
338
0
344
0
309
0
302
0
324
0
304
0
322
0
309
0
296
0
290
0
296
0
289
0
305
0
289
0
282
0
306
0
292
0
271
0
267
0
261
0
275
0
214
0
259
0
254
0
252
0
256
0
241
0
244
0
222
0
240
0
230
0
260
0
256
0
236
0
216
0
236
0
224
0
215
0
215
0
226
0
197
0
218
0
201
0
190
0
194
0
187
0
213
0
197
0
197
0
203
0
223
0
193
0
203
0
179
0
205
0
190
0
194
0
193
0
198
0
158
0
198
0
175
0
193
0
173
0
169
0
172
0
169
0
152
0
170
0
171
0
149
0
177
0
163
0
157
0
164
0
157
0
158
0
170
0
151
0
145
0
150
0
151
0
152
0
154
0
149
0
160
0
158
0
152
0
149
0
140
0
156
0
153
0
140
0
141
0
138
0
160
0
150
0
143
0
152
0
130
0
134
0
140
0
123
0
145
0
126
0
137
0
141
0
141
0
125
0
120
0
133
0
135
0
109
0
114
0
141
0
140
0
139
0
138
0
130
0
121
0
133
0
137
0
131
0
120
0
132
0
143
0
131
0
117
0
118
0
120
0
112
0
122
0
124
0
101
0
122
0
103
0
110
0
101
0
114
0
103
0
110
0
115
0
111
0
96
0
116
0
110
0
121
0
118
0
90
0
109
0
97
0
122
0
99
0
90
0
104
0
109
0
105
0
106
0
88
0
100
0
104
0
101
0
111
0
95
0
102
0
94
0
99
0
96
0
89
0
86
0
92
0
90
0
101
0
98
0
82
0
103
0
91
0
94
0
103
0
90
0
102
0
86
0
69
0
91
0
91
0
82
0
88
0
86
0
90
0
67
0
85
0
90
0
83
0
76
0
76
0
92
0
80
0
86
0
75
0
76
0
83
0
88
0
82
0
80
0
75
0
59
0
76
0
73
0
83
0
65
0
63
0
64
0
71
0
72
0
80
0
81
0
80
0
73
0
79
0
75
0
71
0
84
0
80
0
87
0
81
0
73
0
70
0
70
0
68
0
73
0
83
0
78
0
79
0
79
0
74
0
80
0
78
0
69
0
80
0
77
0
62
0
80
0
83
0
78
0
68
0
73
0
64
0
67
0
63
0
64
0
70
0
78
0
64
0
76
0
75
0
74
0
69
0
70
0
78
0
57
0
62
0
66
0
59
0
46
0
64
0
61
0
67
0
67
0
58
0
64
0
65
0
54
0
58
0
63
0
65
0
62
0
62
0
71
0
59
0
58
0
64
0
60
0
66
0
61
0
61
0
77
0
55
0
61
0
63
0
81
0
77
0
78
0
48
0
70
0
66
0
61
0
57
0
66
0
55
0
75
0
72
0
71
0
71
0
65
0
66
0
58
0
64
0
76
0
67
0
57
0
59
0
68
0
69
0
60
0
68
0
69
0
68
0
73
0
68
0
60
0
69
0
68
0
67
0
74
0
66
0
70
0
45
0
48
0
63
0
57
0
52
0
63
0
61
0
68
0
69
0
51
0
57
0
63
0
58
0
66
0
55
0
66
0
65
0
59
0
58
0
68
0
54
0
54
0
52
0
45
0
59
0
60
0
51
0
52
0
56
0
49
0
51
0
51
0
54
0
59
0
58
0
57
0
49
0
48
0
43
0
56
0
51
0
53
0
52
0
46
0
51
0
54
0
55
0
56
0
58
0
50
0
67
0
43
0
48
0
51
0
48
0
60
0
53
0
47
0
62
0
61
0
54
0
56
0
50
0
50
0
40
0
48
0
35
0
35
0
46
0
42
0
37
0
36
0
36
0
45
0
39
0
47
0
48
0
47
0
52
0
43
0
52
0
58
0
59
0
63
0
55
0
73
0
58
0
43
0
51
0
43
0
54
0
46
0
40
0
49
0
42
0
40
0
55
0
45
0
51
0
67
0
56
0
45
0
52
0
45
0
55
0
48
0
57
0
58
0
56
0
44
0
47
0
49
0
51
0
43
0
43
0
49
0
36
0
50
0
39
0
41
0
54
0
52
0
35
0
36
0
44
0
35
0
63
0
37
0
47
0
31
0
45
0
44
0
35
0
48
0
47
0
45
0
43
0
48
0
49
0
46
0
54
0
42
0
51
0
44
0
45
0
41
0
52
0
55
0
42
0
51
0
43
0
42
0
48
0
46
0
42
0
42
0
36
0
41
0
43
0
31
0
49
0
42
0
37
0
35
0
38
0
43
0
38
0
48
0
42
0
43
0
50
0
50
0
42
0
35
0
49
0
48
0
40
0
43
0
43
0
40
0
41
0
39
0
33
0
40
0
35
0
35
0
37
0
34
0
41
0
25
0
40
0
37
0
33
0
36
0
40
0
41
0
41
0
37
0
29
0
37
0
39
0
52
0
35
0
41
0
39
0
39
0
32
0
39
0
39
0
37
0
33
0
34
0
36
0
38
0
33
0
33
0
44
0
39
0
39
0
43
0
36
0
27
0
26
0
35
0
40
0
39
0
30
0
37
0
35
0
28
0
28
0
29
0
32
0
36
0
31
0
36
0
30
0
33
0
37
0
32
0
35
0
34
0
42
0
44
0
46
0
42
0
44
0
56
0
30
0
38
0
43
0
33
0
37
0
36
0
32
0
40
0
38
0
31
0
47
0
36
0
44
0
37
0
42
0
25
0
37
0
31
0
37
0
33
0
34
0
31
0
23
0
31
0
34
0
26
0
35
0
40
0
35
0
39
0
30
0
40
0
31
0
40
0
38
0
31
0
32
0
37
0
39
0
38
0
36
0
38
0
37
0
35
0
41
0
44
0
45
0
39
0
37
0
45
0
35
0
33
0
42
0
38
0
29
0
35
0
43
0
49
0
35
0
48
0
39
0
29
0
40
0
25
0
42
0
26
0
38
0
42
0
32
0
29
0
37
0
42
0
30
0
30
0
34
0
28
0
34
0
30
0
32
0
26
0
28
0
33
0
29
0
33
0
46
0
44
0
40
0
37
0
40
0
28
0
30
0
30
0
46
0
41
0
40
0
42
0
37
0
44
0
34
0
36
0
36
0
33
0
38
0
38
0
39
0
38
0
43
0
44
0
31
0
42
0
36
0
35
0
41
0
46
0
45
0
38
0
44
0
40
0
37
0
45
0
35
0
35
0
42
0
37
0
34
0
47
0
44
0
37
0
40
0
37
0
45
0
34
0
34
0
40
0
40
0
40
0
30
0
33
0
36
0
35
0
29
0
38
0
40
0
42
0
38
0
46
0
42
0
46
0
46
0
43
0
44
0
53
0
52
0
45
0
46
0
48
0
50
0
47
0
43
0
43
0
40
0
38
0
41
0
41
0
39
0
38
0
43
0
34
0
47
0
37
0
53
0
53
0
41
0
48
0
41
0
40
0
47
0
34
0
48
0
53
0
48
0
46
0
33
0
49
0
42
0
43
0
37
0
47
0
57
0
49
0
43
0
46
0
31
0
40
0
37
0
43
0
40
0
43
0
40
0
44
0
34
0
49
0
53
0
47
0
41
0
43
0
39
0
52
0
36
0
50
0
51
0
48
0
52
0
42
0
49
0
50
0
44
0
31
0
38
0
55
0
45
0
50
0
32
0
41
0
39
0
44
0
46
0
48
0
53
0
44
0
60
0
50
0
52
0
52
0
60
0
45
0
56
0
40
0
58
0
54
0
46
0
54
0
47
0
54
0
56
0
50
0
45
0
58
0
57
0
46
0
53
0
50
0
54
0
56
0
43
0
52
0
53
0
48
0
60
0
57
0
64
0
71
0
62
0
66
0
57
0
58
0
63
0
64
0
52
0
67
0
58
0
68
0
54
0
59
0
53
0
61
0
64
0
68
0
72
0
82
0
63
0
62
0
75
0
60
0
69
0
60
0
73
0
77
0
69
0
74
0
77
0
76
0
88
0
90
0
102
0
91
0
100
0
90
0
106
0
111
0
104
0
105
0
106
0
109
0
115
0
120
0
110
0
146
0
128
0
153
0
177
0
201
0
214
0
234
0
410
0
