500635648
0
125273396
0
62535652
0
39223168
0
27183713
0
20419271
0
16047263
0
13117651
0
10941964
0
9379765
0
8031130
0
7099875
0
6227491
0
5497955
0
5014659
0
4466589
0
4134559
0
3768081
0
3508844
0
3257740
0
3048892
0
2808844
0
2644785
0
2468641
0
2335228
0
2180895
0
2088405
0
1980705
0
1874905
0
1771812
0
1686963
0
1605964
0
1514546
0
1485977
0
1401855
0
1367167
0
1282843
0
1252045
0
1212582
0
1147802
0
1111671
0
1067434
0
1029015
0
991953
0
970832
0
949285
0
919239
0
886345
0
849548
0
820940
0
811822
0
768730
0
748261
0
733543
0
708235
0
683562
0
671336
0
675556
0
644567
0
618397
0
611599
0
607414
0
593000
0
572542
0
564304
0
572650
0
556746
0
549334
0
516784
0
516511
0
508383
0
493808
0
488148
0
473322
0
457318
0
447725
0
445640
0
435537
0
436344
0
424087
0
411253
0
402756
0
387750
0
384076
0
380232
0
378346
0
367754
0
365470
0
359086
0
352452
0
349484
0
343108
0
346346
0
338727
0
331408
0
324051
0
315562
0
307232
0
301408
0
299922
0
295830
0
296618
0
287493
0
287784
0
273416
0
275813
0
264284
0
269158
0
265747
0
262366
0
260979
0
252809
0
253984
0
252459
0
241540
0
241628
0
239474
0
237903
0
238163
0
233890
0
231231
0
230505
0
224393
0
219122
0
220661
0
213418
0
214639
0
204627
0
211089
0
209278
0
204425
0
199406
0
199577
0
196912
0
191735
0
197755
0
193395
0
195704
0
186098
0
185943
0
188952
0
184741
0
181535
0
187331
0
183533
0
177254
0
172455
0
169032
0
169850
0
167798
0
169136
0
162052
0
166044
0
162245
0
164327
0
158442
0
154627
0
156565
0
157522
0
153067
0
152634
0
149967
0
152949
0
147604
0
144488
0
146152
0
147478
0
148510
0
141257
0
142040
0
138040
0
141133
0
136124
0
137437
0
134860
0
129838
0
131811
0
128413
0
127852
0
128142
0
123845
0
122346
0
122451
0
123999
0
125969
0
125004
0
118726
0
119923
0
119440
0
118262
0
115292
0
114375
0
118340
0
119130
0
118384
0
113397
0
114786
0
110732
0
110882
0
109331
0
111065
0
112174
0
112214
0
113076
0
109471
0
109529
0
110113
0
107292
0
109667
0
107051
0
107104
0
103155
0
101455
0
102938
0
100471
0
96953
0
97380
0
99080
0
98813
0
96114
0
94460
0
94156
0
92387
0
93614
0
93243
0
86914
0
90800
0
91203
0
91186
0
93196
0
90585
0
89173
0
85969
0
90194
0
90173
0
87778
0
89353
0
88380
0
88821
0
88389
0
86457
0
85864
0
84719
0
87456
0
84881
0
84955
0
85528
0
81744
0
83183
0
84128
0
83718
0
83741
0
81617
0
78477
0
77450
0
79543
0
78805
0
79048
0
79715
0
77191
0
77785
0
77203
0
75925
0
72284
0
71816
0
71718
0
72176
0
70933
0
72231
0
71826
0
71036
0
70301
0
70213
0
71429
0
72302
0
72197
0
72071
0
69677
0
69900
0
68595
0
66810
0
69501
0
71062
0
68598
0
68250
0
67178
0
65490
0
64660
0
65463
0
67179
0
67371
0
64722
0
67047
0
65322
0
65832
0
65694
0
65163
0
67588
0
64107
0
64929
0
62222
0
62346
0
61510
0
61274
0
60622
0
57802
0
59158
0
57719
0
58597
0
58492
0
57479
0
55391
0
55622
0
55643
0
56293
0
56130
0
61387
0
60963
0
58581
0
56159
0
57236
0
60680
0
59317
0
58521
0
57585
0
55557
0
53690
0
56509
0
55760
0
55341
0
54779
0
53652
0
50715
0
54508
0
55527
0
55405
0
55303
0
55397
0
56540
0
56630
0
55325
0
55157
0
54486
0
52806
0
54279
0
53374
0
53253
0
53354
0
51404
0
52741
0
52653
0
53592
0
53258
0
55777
0
55751
0
56871
0
52810
0
53185
0
54584
0
53102
0
52337
0
50312
0
53488
0
53270
0
52934
0
53783
0
52550
0
50580
0
52208
0
53365
0
52608
0
52038
0
53420
0
54211
0
52612
0
53254
0
53043
0
53881
0
52514
0
52648
0
50349
0
49729
0
51766
0
52068
0
50081
0
49948
0
50414
0
50433
0
51023
0
49459
0
48124
0
48994
0
47465
0
47278
0
48730
0
47878
0
49098
0
47009
0
44752
0
44505
0
43596
0
44895
0
45988
0
44172
0
44176
0
44031
0
46307
0
45201
0
47103
0
44566
0
46010
0
46554
0
42607
0
42241
0
43893
0
42914
0
42863
0
44095
0
46786
0
44014
0
45298
0
45747
0
43710
0
45271
0
44849
0
44453
0
46352
0
44856
0
43838
0
42432
0
41606
0
40489
0
44197
0
44016
0
42917
0
42980
0
41961
0
42381
0
41459
0
41460
0
41565
0
41423
0
40836
0
40148
0
41321
0
38990
0
38360
0
37951
0
40722
0
39482
0
39016
0
39920
0
39992
0
39705
0
40416
0
40106
0
41831
0
42126
0
42281
0
42620
0
40453
0
40884
0
41182
0
41116
0
39313
0
39540
0
38706
0
37177
0
37392
0
39070
0
38843
0
37412
0
37468
0
34575
0
35565
0
36289
0
37208
0
37927
0
36730
0
35859
0
35768
0
33778
0
34869
0
33682
0
36127
0
35421
0
35668
0
33996
0
35432
0
34574
0
37484
0
35641
0
34934
0
35245
0
35401
0
34713
0
35674
0
35012
0
34159
0
34007
0
32641
0
36191
0
35092
0
35022
0
35132
0
35208
0
33303
0
34320
0
34987
0
33701
0
33065
0
33013
0
32831
0
34430
0
34887
0
33272
0
32721
0
33837
0
34528
0
33564
0
33236
0
33776
0
35009
0
33705
0
34716
0
33878
0
30239
0
33195
0
33777
0
34530
0
33651
0
34158
0
33928
0
35680
0
35700
0
34390
0
34946
0
33205
0
33078
0
34423
0
34975
0
34562
0
34481
0
32897
0
33038
0
34326
0
34691
0
34720
0
33958
0
35160
0
33960
0
33988
0
34957
0
34486
0
34096
0
35408
0
35789
0
34487
0
33568
0
33664
0
33032
0
33493
0
33768
0
32735
0
33802
0
32334
0
31575
0
31332
0
30797
0
31033
0
32015
0
32068
0
32689
0
31205
0
30103
0
30967
0
31212
0
29083
0
31091
0
31210
0
30455
0
31446
0
31571
0
29580
0
31660
0
30894
0
30966
0
29073
0
30236
0
28903
0
29028
0
31563
0
30812
0
30847
0
31798
0
31933
0
33622
0
33070
0
32636
0
32872
0
31684
0
30817
0
33381
0
31513
0
31145
0
29318
0
28411
0
27064
0
29381
0
29979
0
27171
0
27994
0
30152
0
28902
0
30168
0
30063
0
28279
0
30671
0
30680
0
31135
0
31220
0
31578
0
27880
0
29389
0
29052
0
28817
0
27726
0
29220
0
28815
0
28633
0
29492
0
29707
0
29469
0
30344
0
29583
0
29454
0
32243
0
31835
0
30431
0
29838
0
28847
0
28722
0
29857
0
30581
0
30798
0
28995
0
30730
0
30112
0
30385
0
28729
0
31449
0
30892
0
31718
0
31634
0
32113
0
31345
0
30064
0
29055
0
31190
0
30476
0
31172
0
31429
0
30357
0
32153
0
30237
0
31874
0
29923
0
29283
0
31381
0
29745
0
29177
0
30694
0
31191
0
30251
0
29129
0
29311
0
29038
0
28307
0
28797
0
30898
0
31226
0
29924
0
30159
0
29816
0
29166
0
28452
0
28740
0
30220
0
29349
0
28678
0
29227
0
28929
0
29366
0
28435
0
30534
0
31615
0
30556
0
30358
0
30252
0
29247
0
28100
0
29474
0
29323
0
29572
0
27506
0
28838
0
28104
0
29712
0
28070
0
28284
0
28147
0
28172
0
28115
0
28123
0
27869
0
27562
0
25746
0
28399
0
27964
0
27816
0
27651
0
28106
0
27745
0
27111
0
26235
0
26376
0
27154
0
27414
0
27376
0
27360
0
28239
0
28570
0
28281
0
28966
0
26909
0
25938
0
26025
0
25727
0
26153
0
26878
0
27451
0
26541
0
28032
0
26004
0
27335
0
28859
0
29595
0
30409
0
29317
0
27750
0
26741
0
26508
0
26006
0
26427
0
27298
0
28610
0
28750
0
28439
0
26144
0
26085
0
27372
0
26332
0
24811
0
25084
0
25387
0
24617
0
25079
0
25217
0
25473
0
26984
0
29209
0
29517
0
28718
0
25457
0
25859
0
26371
0
25537
0
25651
0
28078
0
28587
0
26664
0
26885
0
27501
0
27183
0
26761
0
27825
0
27678
0
28449
0
28647
0
26428
0
26179
0
27089
0
27739
0
28195
0
27441
0
28908
0
26874
0
26198
0
25897
0
26831
0
26429
0
26854
0
28152
0
29549
0
26386
0
28347
0
26285
0
27877
0
29897
0
28279
0
28257
0
26495
0
28609
0
28747
0
28711
0
29158
0
29221
0
27545
0
26787
0
27958
0
27374
0
26807
0
27377
0
26511
0
26695
0
24741
0
28024
0
26957
0
25782
0
26557
0
28342
0
26995
0
26637
0
25836
0
25915
0
27264
0
27138
0
25921
0
24759
0
26272
0
27499
0
27239
0
27396
0
27852
0
28808
0
28618
0
28717
0
28541
0
29476
0
27534
0
29775
0
28204
0
29323
0
29942
0
30750
0
31004
0
30919
0
29238
0
28673
0
28598
0
28197
0
28825
0
28199
0
28375
0
26479
0
28151
0
27360
0
27490
0
29299
0
30382
0
29694
0
32113
0
29727
0
28604
0
29416
0
28995
0
29863
0
30574
0
29654
0
28933
0
29607
0
29196
0
29460
0
29691
0
29714
0
28402
0
27628
0
28222
0
27246
0
27339
0
28487
0
28514
0
29753
0
30851
0
29990
0
32389
0
33898
0
34049
0
33450
0
33369
0
33711
0
33167
0
31792
0
33670
0
32078
0
33576
0
33816
0
33755
0
35447
0
35038
0
37264
0
35468
0
37750
0
37824
0
39367
0
35999
0
38704
0
37110
0
37310
0
40361
0
38280
0
39704
0
40495
0
42255
0
39183
0
42411
0
40164
0
40428
0
40139
0
39321
0
38372
0
35278
0
35727
0
37103
0
37404
0
38622
0
41388
0
38371
0
41513
0
41081
0
38171
0
38076
0
39304
0
35718
0
38544
0
40011
0
41611
0
40889
0
38571
0
41303
0
42533
0
42793
0
44322
0
44114
0
43275
0
43888
0
45684
0
45704
0
46881
0
47244
0
46117
0
47677
0
47979
0
49829
0
50393
0
52626
0
51343
0
50141
0
52813
0
53059
0
53567
0
55476
0
58787
0
53767
0
56949
0
62935
0
61011
0
59018
0
61915
0
58884
0
62438
0
65126
0
62441
0
72936
0
72644
0
70735
0
76642
0
86719
0
87694
0
89055
0
88141
0
91154
0
92204
0
90814
0
108908
0
123449
0
133615
0
159965
0
186689
0
263888
0
