5002844
0
1253024
0
626615
0
390951
0
274662
0
206161
0
162650
0
131641
0
109186
0
93293
0
80807
0
70454
0
62334
0
55772
0
50255
0
45332
0
41752
0
38191
0
35180
0
32550
0
29891
0
28133
0
26297
0
24602
0
23151
0
21849
0
20888
0
19819
0
18651
0
17693
0
16846
0
16088
0
15448
0
14560
0
13921
0
13614
0
13044
0
12422
0
11999
0
11593
0
11115
0
10841
0
10390
0
9985
0
9637
0
9282
0
9056
0
8756
0
8524
0
8263
0
8028
0
7719
0
7498
0
7266
0
7322
0
7046
0
6803
0
6701
0
6502
0
6371
0
6220
0
6055
0
5990
0
5717
0
5580
0
5426
0
5383
0
5249
0
5173
0
4994
0
5006
0
4858
0
4785
0
4692
0
4494
0
4377
0
4350
0
4322
0
4269
0
4086
0
4109
0
3996
0
3860
0
3942
0
3842
0
3729
0
3633
0
3611
0
3517
0
3501
0
3408
0
3450
0
3406
0
3266
0
3264
0
3109
0
3068
0
3060
0
3015
0
2981
0
2955
0
2995
0
2850
0
2812
0
2720
0
2680
0
2676
0
2599
0
2598
0
2536
0
2463
0
2384
0
2438
0
2413
0
2376
0
2429
0
2416
0
2326
0
2297
0
2291
0
2215
0
2297
0
2155
0
2183
0
2140
0
2047
0
2031
0
2048
0
2009
0
2008
0
2014
0
1899
0
2006
0
1830
0
1990
0
1931
0
1790
0
1897
0
1893
0
1805
0
1817
0
1809
0
1848
0
1779
0
1792
0
1778
0
1726
0
1673
0
1617
0
1609
0
1684
0
1637
0
1649
0
1663
0
1553
0
1584
0
1541
0
1559
0
1516
0
1502
0
1474
0
1488
0
1475
0
1465
0
1500
0
1471
0
1431
0
1439
0
1450
0
1337
0
1408
0
1436
0
1342
0
1369
0
1308
0
1286
0
1293
0
1224
0
1213
0
1245
0
1272
0
1272
0
1230
0
1336
0
1239
0
1256
0
1267
0
1204
0
1213
0
1231
0
1247
0
1215
0
1199
0
1177
0
1148
0
1167
0
1116
0
1163
0
1102
0
1149
0
1097
0
1091
0
1049
0
1070
0
1054
0
1070
0
1057
0
1011
0
1066
0
1076
0
1104
0
1021
0
1030
0
987
0
1015
0
981
0
1037
0
1010
0
991
0
947
0
927
0
974
0
1021
0
929
0
964
0
957
0
936
0
946
0
913
0
915
0
916
0
956
0
885
0
970
0
886
0
902
0
889
0
822
0
814
0
882
0
809
0
892
0
871
0
844
0
820
0
836
0
802
0
842
0
829
0
852
0
835
0
846
0
880
0
845
0
841
0
798
0
828
0
880
0
822
0
816
0
789
0
864
0
803
0
786
0
780
0
758
0
749
0
700
0
745
0
743
0
700
0
736
0
746
0
748
0
740
0
726
0
747
0
715
0
721
0
700
0
748
0
718
0
701
0
704
0
701
0
654
0
707
0
706
0
689
0
705
0
651
0
681
0
658
0
667
0
674
0
696
0
683
0
625
0
614
0
631
0
638
0
680
0
638
0
639
0
643
0
642
0
662
0
674
0
642
0
664
0
597
0
627
0
635
0
597
0
605
0
621
0
561
0
634
0
639
0
604
0
573
0
606
0
598
0
614
0
642
0
629
0
612
0
597
0
591
0
585
0
545
0
589
0
581
0
571
0
557
0
573
0
585
0
604
0
550
0
560
0
557
0
573
0
570
0
535
0
593
0
538
0
524
0
527
0
560
0
532
0
525
0
555
0
548
0
538
0
496
0
523
0
570
0
527
0
498
0
492
0
499
0
492
0
533
0
514
0
528
0
517
0
510
0
521
0
516
0
526
0
516
0
479
0
500
0
487
0
478
0
495
0
482
0
527
0
476
0
525
0
514
0
504
0
460
0
495
0
489
0
446
0
504
0
470
0
517
0
486
0
466
0
496
0
473
0
483
0
489
0
476
0
481
0
470
0
474
0
468
0
501
0
483
0
427
0
454
0
450
0
468
0
418
0
439
0
449
0
454
0
452
0
438
0
465
0
427
0
469
0
456
0
456
0
444
0
463
0
450
0
442
0
419
0
402
0
447
0
432
0
451
0
489
0
434
0
439
0
433
0
415
0
434
0
425
0
429
0
421
0
454
0
390
0
409
0
430
0
402
0
389
0
401
0
412
0
416
0
437
0
384
0
396
0
393
0
418
0
395
0
363
0
368
0
409
0
418
0
363
0
375
0
357
0
381
0
368
0
373
0
405
0
360
0
407
0
390
0
398
0
377
0
359
0
367
0
406
0
390
0
363
0
393
0
359
0
364
0
371
0
353
0
374
0
319
0
391
0
409
0
431
0
335
0
371
0
348
0
373
0
352
0
338
0
384
0
380
0
364
0
346
0
379
0
356
0
351
0
371
0
338
0
358
0
378
0
347
0
401
0
352
0
343
0
361
0
362
0
362
0
353
0
326
0
339
0
366
0
354
0
334
0
339
0
332
0
350
0
362
0
355
0
372
0
326
0
345
0
329
0
351
0
331
0
331
0
324
0
314
0
336
0
328
0
311
0
318
0
348
0
329
0
322
0
332
0
325
0
335
0
330
0
334
0
348
0
333
0
339
0
315
0
335
0
345
0
352
0
327
0
316
0
299
0
325
0
316
0
329
0
320
0
327
0
334
0
352
0
304
0
329
0
316
0
320
0
301
0
324
0
288
0
291
0
315
0
308
0
311
0
295
0
308
0
331
0
310
0
305
0
317
0
324
0
342
0
328
0
302
0
324
0
311
0
316
0
342
0
317
0
324
0
287
0
306
0
290
0
291
0
309
0
301
0
290
0
331
0
309
0
301
0
305
0
319
0
297
0
287
0
285
0
272
0
266
0
296
0
302
0
303
0
308
0
308
0
307
0
319
0
332
0
298
0
296
0
317
0
312
0
309
0
303
0
272
0
294
0
301
0
302
0
299
0
287
0
300
0
296
0
278
0
300
0
275
0
295
0
321
0
282
0
280
0
287
0
301
0
280
0
274
0
291
0
284
0
284
0
277
0
300
0
277
0
318
0
284
0
288
0
281
0
261
0
276
0
264
0
277
0
307
0
302
0
277
0
255
0
278
0
285
0
268
0
269
0
258
0
259
0
265
0
271
0
260
0
250
0
302
0
291
0
277
0
297
0
299
0
265
0
273
0
293
0
308
0
315
0
279
0
277
0
287
0
277
0
281
0
286
0
292
0
300
0
279
0
280
0
274
0
283
0
274
0
298
0
255
0
271
0
268
0
293
0
261
0
263
0
281
0
299
0
272
0
257
0
287
0
253
0
254
0
262
0
259
0
268
0
301
0
270
0
254
0
260
0
272
0
283
0
280
0
287
0
252
0
247
0
251
0
266
0
256
0
243
0
264
0
288
0
272
0
270
0
272
0
295
0
289
0
257
0
276
0
262
0
240
0
262
0
280
0
263
0
300
0
288
0
254
0
258
0
279
0
285
0
263
0
292
0
279
0
282
0
289
0
253
0
296
0
288
0
288
0
314
0
297
0
290
0
271
0
279
0
289
0
281
0
253
0
269
0
270
0
296
0
299
0
296
0
299
0
276
0
314
0
306
0
261
0
284
0
281
0
262
0
291
0
275
0
288
0
265
0
275
0
279
0
256
0
283
0
274
0
282
0
291
0
284
0
274
0
284
0
255
0
290
0
291
0
301
0
253
0
298
0
250
0
300
0
294
0
319
0
278
0
284
0
301
0
263
0
272
0
254
0
262
0
272
0
292
0
250
0
304
0
288
0
304
0
268
0
276
0
267
0
271
0
255
0
305
0
272
0
288
0
275
0
279
0
255
0
278
0
255
0
247
0
285
0
292
0
286
0
266
0
260
0
294
0
286
0
253
0
276
0
279
0
283
0
314
0
259
0
269
0
262
0
273
0
286
0
281
0
296
0
294
0
281
0
279
0
270
0
250
0
290
0
291
0
296
0
244
0
279
0
267
0
275
0
276
0
279
0
293
0
285
0
270
0
282
0
316
0
308
0
307
0
272
0
272
0
307
0
298
0
296
0
245
0
283
0
304
0
277
0
293
0
316
0
303
0
281
0
302
0
271
0
275
0
265
0
294
0
280
0
312
0
294
0
297
0
290
0
336
0
306
0
281
0
316
0
275
0
281
0
268
0
292
0
283
0
283
0
296
0
314
0
317
0
341
0
303
0
307
0
296
0
325
0
317
0
320
0
348
0
300
0
324
0
317
0
354
0
326
0
295
0
333
0
334
0
330
0
310
0
327
0
326
0
339
0
392
0
330
0
348
0
351
0
329
0
310
0
342
0
364
0
344
0
350
0
338
0
353
0
376
0
362
0
376
0
383
0
386
0
380
0
375
0
386
0
399
0
383
0
406
0
390
0
417
0
391
0
391
0
415
0
404
0
366
0
374
0
396
0
436
0
449
0
430
0
396
0
413
0
421
0
427
0
420
0
457
0
424
0
419
0
432
0
463
0
425
0
465
0
456
0
444
0
437
0
467
0
496
0
453
0
491
0
482
0
485
0
480
0
505
0
500
0
549
0
555
0
586
0
552
0
582
0
568
0
574
0
607
0
574
0
595
0
630
0
646
0
693
0
661
0
686
0
698
0
716
0
771
0
821
0
813
0
844
0
906
0
1023
0
1057
0
1185
0
1201
0
1437
0
1625
0
1869
0
2485
0
