415099
0
112428
0
71525
0
46107
0
33151
0
25348
0
20682
0
16669
0
13912
0
12016
0
10286
0
9241
0
8186
0
7261
0
6548
0
6008
0
5418
0
5069
0
4640
0
4346
0
3965
0
3783
0
3545
0
3202
0
3124
0
2938
0
2705
0
2584
0
2486
0
2316
0
2250
0
2144
0
2047
0
1940
0
1862
0
1768
0
1756
0
1617
0
1621
0
1480
0
1475
0
1426
0
1394
0
1339
0
1288
0
1313
0
1198
0
1167
0
1129
0
1102
0
1049
0
1023
0
1025
0
964
0
947
0
959
0
957
0
913
0
856
0
813
0
802
0
816
0
795
0
756
0
737
0
731
0
719
0
702
0
705
0
675
0
685
0
645
0
619
0
627
0
582
0
549
0
587
0
564
0
601
0
527
0
514
0
505
0
534
0
500
0
493
0
505
0
462
0
482
0
441
0
426
0
441
0
449
0
429
0
469
0
428
0
416
0
424
0
399
0
401
0
391
0
381
0
384
0
382
0
326
0
339
0
327
0
350
0
335
0
312
0
369
0
332
0
327
0
330
0
321
0
324
0
290
0
294
0
325
0
293
0
305
0
298
0
277
0
292
0
280
0
291
0
304
0
314
0
280
0
267
0
281
0
250
0
256
0
305
0
286
0
275
0
258
0
230
0
228
0
246
0
240
0
237
0
240
0
243
0
257
0
235
0
245
0
223
0
219
0
213
0
221
0
204
0
202
0
211
0
211
0
216
0
208
0
194
0
216
0
207
0
196
0
184
0
192
0
184
0
186
0
198
0
195
0
192
0
161
0
176
0
177
0
166
0
182
0
170
0
165
0
156
0
176
0
155
0
187
0
152
0
170
0
167
0
182
0
179
0
188
0
179
0
173
0
177
0
164
0
155
0
163
0
164
0
172
0
182
0
170
0
180
0
160
0
153
0
180
0
147
0
151
0
144
0
149
0
155
0
160
0
151
0
162
0
159
0
159
0
135
0
150
0
144
0
146
0
134
0
154
0
128
0
145
0
120
0
142
0
140
0
147
0
148
0
135
0
137
0
153
0
128
0
126
0
143
0
155
0
150
0
136
0
131
0
132
0
137
0
125
0
143
0
127
0
121
0
122
0
132
0
121
0
130
0
108
0
129
0
137
0
128
0
125
0
125
0
112
0
96
0
99
0
121
0
97
0
120
0
106
0
114
0
96
0
108
0
97
0
108
0
112
0
114
0
128
0
107
0
106
0
106
0
134
0
104
0
128
0
106
0
120
0
105
0
113
0
105
0
110
0
96
0
87
0
75
0
99
0
95
0
102
0
86
0
100
0
99
0
97
0
103
0
108
0
112
0
103
0
103
0
101
0
95
0
109
0
96
0
107
0
109
0
95
0
90
0
89
0
89
0
96
0
91
0
95
0
81
0
83
0
96
0
93
0
76
0
89
0
83
0
71
0
87
0
97
0
81
0
87
0
96
0
109
0
91
0
79
0
93
0
94
0
93
0
82
0
93
0
82
0
82
0
77
0
100
0
75
0
72
0
74
0
76
0
86
0
73
0
80
0
75
0
85
0
74
0
68
0
77
0
76
0
70
0
86
0
75
0
87
0
83
0
85
0
85
0
86
0
79
0
77
0
85
0
79
0
79
0
84
0
83
0
68
0
80
0
90
0
73
0
72
0
81
0
64
0
80
0
81
0
79
0
92
0
71
0
80
0
74
0
61
0
70
0
80
0
78
0
62
0
61
0
73
0
62
0
63
0
66
0
69
0
63
0
65
0
75
0
71
0
70
0
64
0
58
0
71
0
69
0
56
0
62
0
78
0
68
0
73
0
69
0
60
0
64
0
56
0
77
0
65
0
67
0
64
0
71
0
59
0
53
0
47
0
70
0
54
0
51
0
71
0
60
0
57
0
48
0
62
0
69
0
64
0
66
0
65
0
59
0
57
0
69
0
60
0
61
0
61
0
71
0
67
0
76
0
72
0
53
0
65
0
76
0
58
0
74
0
70
0
71
0
71
0
55
0
69
0
73
0
62
0
61
0
74
0
56
0
62
0
60
0
75
0
63
0
62
0
60
0
63
0
52
0
73
0
48
0
61
0
56
0
51
0
54
0
58
0
58
0
54
0
62
0
50
0
60
0
55
0
52
0
51
0
49
0
42
0
58
0
43
0
49
0
55
0
52
0
53
0
39
0
58
0
40
0
51
0
44
0
51
0
49
0
51
0
50
0
55
0
66
0
57
0
56
0
49
0
62
0
47
0
59
0
45
0
41
0
47
0
52
0
51
0
54
0
54
0
59
0
53
0
63
0
58
0
55
0
50
0
47
0
50
0
58
0
41
0
52
0
51
0
45
0
51
0
65
0
58
0
47
0
49
0
45
0
59
0
47
0
46
0
48
0
42
0
47
0
52
0
48
0
49
0
42
0
43
0
46
0
42
0
43
0
46
0
57
0
35
0
49
0
47
0
47
0
39
0
43
0
40
0
42
0
39
0
45
0
44
0
31
0
43
0
44
0
52
0
47
0
45
0
38
0
38
0
48
0
48
0
39
0
44
0
38
0
35
0
47
0
39
0
38
0
43
0
41
0
45
0
38
0
32
0
42
0
35
0
42
0
39
0
39
0
36
0
38
0
33
0
39
0
35
0
30
0
32
0
38
0
39
0
38
0
41
0
48
0
36
0
35
0
31
0
35
0
44
0
32
0
37
0
40
0
41
0
39
0
28
0
30
0
35
0
45
0
47
0
40
0
32
0
45
0
47
0
35
0
48
0
46
0
42
0
36
0
33
0
33
0
37
0
46
0
45
0
35
0
36
0
37
0
36
0
41
0
38
0
44
0
33
0
33
0
38
0
37
0
45
0
39
0
48
0
43
0
31
0
30
0
30
0
42
0
47
0
37
0
38
0
48
0
40
0
38
0
33
0
23
0
36
0
37
0
40
0
37
0
35
0
34
0
42
0
31
0
35
0
23
0
33
0
33
0
32
0
39
0
42
0
43
0
30
0
45
0
31
0
35
0
35
0
36
0
32
0
37
0
32
0
36
0
33
0
38
0
34
0
40
0
36
0
40
0
37
0
54
0
30
0
38
0
41
0
43
0
30
0
37
0
41
0
43
0
48
0
46
0
46
0
39
0
49
0
41
0
40
0
41
0
30
0
29
0
39
0
44
0
44
0
35
0
45
0
40
0
47
0
34
0
50
0
40
0
38
0
46
0
42
0
38
0
44
0
44
0
34
0
31
0
33
0
41
0
37
0
35
0
41
0
33
0
39
0
47
0
42
0
42
0
42
0
40
0
46
0
41
0
38
0
23
0
33
0
35
0
33
0
31
0
26
0
29
0
32
0
35
0
34
0
36
0
41
0
33
0
42
0
33
0
39
0
35
0
26
0
31
0
33
0
40
0
28
0
36
0
38
0
40
0
39
0
50
0
32
0
37
0
34
0
35
0
34
0
32
0
41
0
46
0
30
0
39
0
40
0
33
0
41
0
38
0
39
0
40
0
29
0
37
0
36
0
31
0
33
0
21
0
32
0
40
0
41
0
34
0
28
0
29
0
34
0
27
0
36
0
39
0
33
0
43
0
38
0
35
0
35
0
33
0
46
0
38
0
36
0
35
0
37
0
37
0
38
0
35
0
30
0
50
0
34
0
33
0
39
0
25
0
33
0
30
0
37
0
28
0
25
0
31
0
39
0
40
0
31
0
34
0
32
0
30
0
35
0
35
0
39
0
45
0
40
0
40
0
44
0
36
0
37
0
42
0
39
0
34
0
36
0
35
0
41
0
40
0
38
0
36
0
37
0
39
0
43
0
36
0
39
0
48
0
37
0
47
0
34
0
46
0
37
0
46
0
37
0
30
0
40
0
52
0
40
0
41
0
39
0
42
0
43
0
38
0
42
0
45
0
37
0
42
0
44
0
44
0
33
0
44
0
34
0
29
0
35
0
31
0
36
0
45
0
36
0
33
0
43
0
43
0
35
0
44
0
44
0
38
0
39
0
39
0
48
0
43
0
48
0
46
0
54
0
32
0
43
0
40
0
44
0
41
0
43
0
41
0
45
0
48
0
44
0
49
0
40
0
46
0
39
0
65
0
37
0
34
0
49
0
31
0
32
0
43
0
32
0
42
0
45
0
40
0
38
0
55
0
40
0
41
0
57
0
51
0
56
0
45
0
49
0
49
0
31
0
54
0
62
0
54
0
53
0
55
0
39
0
45
0
51
0
50
0
44
0
49
0
42
0
41
0
49
0
32
0
51
0
41
0
48
0
49
0
56
0
68
0
62
0
60
0
56
0
54
0
59
0
55
0
55
0
59
0
66
0
59
0
61
0
63
0
71
0
66
0
81
0
69
0
74
0
66
0
60
0
54
0
54
0
58
0
57
0
56
0
51
0
48
0
65
0
62
0
74
0
70
0
68
0
76
0
78
0
78
0
84
0
80
0
95
0
70
0
95
0
90
0
76
0
91
0
95
0
103
0
118
0
115
0
104
0
134
0
117
0
115
0
117
0
130
0
135
0
130
0
155
0
196
0
208
0
245
0
400
0
