500166
0
125092
0
62644
0
39043
0
27466
0
20587
0
16111
0
13319
0
10934
0
9319
0
8205
0
7030
0
6233
0
5500
0
4985
0
4562
0
4127
0
3843
0
3540
0
3292
0
3038
0
2798
0
2645
0
2504
0
2300
0
2213
0
2053
0
1968
0
1878
0
1757
0
1743
0
1595
0
1574
0
1469
0
1426
0
1324
0
1368
0
1232
0
1190
0
1107
0
1053
0
1104
0
1082
0
985
0
927
0
966
0
880
0
882
0
793
0
841
0
832
0
754
0
744
0
723
0
734
0
712
0
656
0
679
0
657
0
609
0
607
0
573
0
568
0
545
0
585
0
543
0
510
0
559
0
517
0
499
0
473
0
503
0
477
0
462
0
478
0
497
0
449
0
408
0
408
0
397
0
370
0
373
0
395
0
377
0
356
0
353
0
344
0
349
0
351
0
373
0
369
0
303
0
268
0
305
0
299
0
311
0
345
0
322
0
316
0
274
0
292
0
279
0
281
0
291
0
268
0
265
0
282
0
236
0
261
0
275
0
267
0
268
0
251
0
240
0
285
0
262
0
248
0
261
0
249
0
253
0
236
0
228
0
224
0
222
0
213
0
200
0
219
0
209
0
217
0
205
0
202
0
203
0
210
0
197
0
224
0
198
0
194
0
209
0
216
0
181
0
224
0
196
0
183
0
203
0
157
0
165
0
197
0
199
0
175
0
205
0
177
0
166
0
164
0
167
0
164
0
155
0
155
0
145
0
164
0
151
0
150
0
143
0
147
0
152
0
143
0
145
0
144
0
127
0
159
0
133
0
165
0
143
0
153
0
140
0
139
0
139
0
138
0
128
0
132
0
115
0
125
0
116
0
131
0
126
0
124
0
114
0
126
0
114
0
121
0
106
0
114
0
121
0
124
0
120
0
105
0
113
0
128
0
117
0
107
0
98
0
127
0
107
0
105
0
112
0
95
0
85
0
125
0
118
0
104
0
99
0
99
0
115
0
106
0
128
0
114
0
124
0
107
0
102
0
112
0
97
0
93
0
93
0
81
0
95
0
92
0
94
0
90
0
102
0
77
0
93
0
99
0
87
0
85
0
88
0
89
0
98
0
92
0
85
0
89
0
85
0
100
0
96
0
94
0
107
0
89
0
103
0
90
0
87
0
82
0
85
0
95
0
84
0
86
0
88
0
68
0
77
0
75
0
82
0
66
0
70
0
80
0
76
0
76
0
87
0
81
0
78
0
81
0
66
0
74
0
72
0
59
0
74
0
60
0
71
0
79
0
82
0
70
0
70
0
62
0
62
0
60
0
74
0
65
0
77
0
68
0
64
0
76
0
71
0
76
0
80
0
70
0
60
0
63
0
77
0
74
0
71
0
64
0
44
0
53
0
68
0
64
0
69
0
76
0
68
0
50
0
50
0
56
0
56
0
47
0
65
0
61
0
59
0
57
0
56
0
47
0
63
0
71
0
66
0
70
0
59
0
69
0
57
0
59
0
60
0
64
0
66
0
63
0
49
0
66
0
62
0
65
0
61
0
61
0
60
0
44
0
53
0
38
0
48
0
40
0
54
0
47
0
57
0
57
0
45
0
57
0
58
0
56
0
41
0
51
0
60
0
54
0
55
0
65
0
68
0
51
0
67
0
54
0
47
0
59
0
50
0
63
0
45
0
53
0
45
0
47
0
53
0
43
0
44
0
53
0
41
0
49
0
41
0
56
0
50
0
51
0
50
0
44
0
50
0
45
0
43
0
45
0
52
0
43
0
33
0
41
0
52
0
42
0
53
0
54
0
44
0
46
0
45
0
48
0
47
0
44
0
54
0
54
0
46
0
51
0
48
0
29
0
42
0
40
0
47
0
48
0
56
0
38
0
50
0
52
0
51
0
43
0
42
0
44
0
53
0
51
0
54
0
38
0
44
0
42
0
38
0
36
0
35
0
38
0
36
0
38
0
39
0
40
0
30
0
42
0
33
0
29
0
34
0
39
0
58
0
47
0
36
0
44
0
40
0
40
0
47
0
35
0
33
0
43
0
43
0
47
0
48
0
47
0
50
0
52
0
47
0
47
0
38
0
36
0
45
0
37
0
49
0
42
0
41
0
39
0
38
0
32
0
49
0
40
0
40
0
41
0
47
0
44
0
35
0
43
0
33
0
39
0
40
0
33
0
40
0
41
0
37
0
33
0
38
0
49
0
38
0
43
0
41
0
47
0
36
0
26
0
35
0
37
0
41
0
33
0
23
0
37
0
40
0
49
0
38
0
41
0
41
0
41
0
39
0
46
0
40
0
35
0
36
0
31
0
28
0
30
0
37
0
27
0
41
0
38
0
30
0
32
0
34
0
29
0
42
0
44
0
37
0
33
0
25
0
31
0
36
0
39
0
33
0
34
0
28
0
38
0
25
0
33
0
35
0
44
0
42
0
32
0
46
0
25
0
28
0
35
0
30
0
39
0
33
0
34
0
36
0
33
0
40
0
44
0
37
0
35
0
35
0
37
0
36
0
34
0
26
0
38
0
43
0
35
0
28
0
34
0
38
0
32
0
27
0
30
0
30
0
33
0
28
0
34
0
27
0
30
0
28
0
35
0
37
0
30
0
36
0
40
0
33
0
32
0
32
0
28
0
28
0
31
0
24
0
26
0
30
0
21
0
21
0
20
0
24
0
31
0
32
0
32
0
23
0
21
0
28
0
21
0
26
0
25
0
29
0
27
0
38
0
25
0
31
0
26
0
34
0
20
0
33
0
31
0
34
0
23
0
29
0
35
0
26
0
31
0
21
0
28
0
27
0
30
0
35
0
35
0
35
0
25
0
34
0
29
0
28
0
28
0
32
0
21
0
23
0
25
0
26
0
28
0
27
0
24
0
25
0
18
0
21
0
24
0
33
0
29
0
30
0
33
0
33
0
36
0
36
0
39
0
37
0
33
0
21
0
21
0
24
0
32
0
24
0
26
0
36
0
28
0
30
0
28
0
25
0
27
0
23
0
40
0
20
0
26
0
41
0
27
0
38
0
23
0
35
0
27
0
36
0
24
0
21
0
31
0
31
0
34
0
27
0
30
0
27
0
22
0
22
0
19
0
23
0
27
0
22
0
28
0
27
0
26
0
30
0
15
0
24
0
28
0
20
0
32
0
27
0
32
0
29
0
26
0
27
0
29
0
27
0
28
0
26
0
26
0
23
0
28
0
25
0
18
0
30
0
27
0
18
0
23
0
24
0
25
0
28
0
29
0
24
0
21
0
22
0
28
0
19
0
26
0
25
0
25
0
10
0
25
0
19
0
19
0
29
0
23
0
31
0
24
0
25
0
27
0
18
0
27
0
35
0
25
0
27
0
26
0
25
0
24
0
26
0
26
0
30
0
24
0
29
0
25
0
19
0
23
0
30
0
19
0
23
0
24
0
26
0
24
0
23
0
18
0
19
0
21
0
31
0
16
0
23
0
18
0
25
0
26
0
21
0
21
0
23
0
29
0
31
0
25
0
28
0
32
0
29
0
25
0
22
0
27
0
27
0
31
0
29
0
24
0
29
0
23
0
24
0
27
0
27
0
26
0
32
0
29
0
37
0
28
0
30
0
34
0
31
0
31
0
25
0
19
0
29
0
33
0
26
0
32
0
46
0
35
0
30
0
31
0
28
0
25
0
28
0
19
0
18
0
23
0
22
0
24
0
29
0
26
0
29
0
20
0
22
0
17
0
30
0
30
0
29
0
28
0
22
0
27
0
22
0
30
0
24
0
25
0
23
0
33
0
25
0
17
0
18
0
24
0
33
0
34
0
31
0
29
0
36
0
34
0
24
0
33
0
28
0
27
0
31
0
33
0
36
0
40
0
37
0
32
0
28
0
22
0
34
0
26
0
28
0
37
0
30
0
32
0
15
0
36
0
37
0
37
0
27
0
30
0
37
0
36
0
29
0
31
0
33
0
29
0
36
0
43
0
33
0
29
0
29
0
23
0
31
0
28
0
29
0
20
0
32
0
28
0
31
0
28
0
33
0
23
0
23
0
33
0
36
0
30
0
27
0
44
0
28
0
34
0
26
0
22
0
25
0
21
0
32
0
40
0
29
0
27
0
32
0
29
0
31
0
28
0
33
0
42
0
32
0
35
0
40
0
43
0
39
0
36
0
37
0
39
0
32
0
39
0
38
0
40
0
28
0
37
0
35
0
30
0
54
0
44
0
38
0
40
0
31
0
37
0
30
0
30
0
41
0
29
0
35
0
51
0
43
0
44
0
49
0
50
0
48
0
44
0
45
0
43
0
48
0
45
0
34
0
41
0
39
0
60
0
46
0
42
0
47
0
43
0
40
0
47
0
43
0
55
0
55
0
51
0
50
0
43
0
51
0
45
0
50
0
43
0
39
0
52
0
53
0
41
0
48
0
55
0
41
0
42
0
56
0
58
0
53
0
58
0
74
0
71
0
61
0
62
0
74
0
73
0
71
0
82
0
81
0
89
0
80
0
70
0
83
0
96
0
94
0
101
0
104
0
113
0
105
0
108
0
127
0
147
0
154
0
183
0
227
0
