0
0
0
0
0
0
0
0
0
0
0
0
0
0
0
0
0
0
0
0
0
0
0
0
0
0
0
0
0
30
312
308
899
1213
2310
3057
4179
5933
7244
12362
17020
25772
29406
41038
54142
58241
74847
79946
98704
112383
128686
138216
153314
158192
179898
185770
189718
209520
213294
236321
233620
249394
241799
263461
236952
268295
251054
275206
256209
263463
251483
247676
243742
235932
228103
227595
213740
203927
197406
186723
189494
164881
168696
153459
153658
138429
133133
119187
117194
97370
106044
87124
97562
79126
84383
66704
74056
54186
60783
49110
53099
43842
49033
34785
43455
30005
38789
27013
32585
20217
25269
18191
20795
14821
17664
11622
12233
10351
8985
8721
7633
6010
5069
4838
4520
3965
4436
2686
3448
1482
1888
1146
852
897
802
298
518
239
273
353
233
457
480
267
588
640
414
355
628
0
442
0
323
59
384
216
32
115
108
106
152
72
29
4
32
0
21
0
62
0
19
0
12
0
76
0
38
0
34
0
332
0
514
0
338
0
160
0
142
0
80
0
131
0
146
0
173
0
154
0
244
0
318
0
63
0
74
0
36
0
4
0
29
0
51
0
83
0
384
0
22
0
1
0
249
0
312
0
135
0
91
0
24
0
151
0
189
0
665
0
372
0
182
0
104
0
159
0
373
0
130
0
328
0
340
0
893
0
454
0
242
0
66
0
74
0
156
0
89
0
635
0
563
0
387
0
151
0
72
0
47
0
123
0
69
0
49
0
210
0
75
0
186
0
484
7
264
44
0
76
0
69
0
53
0
26
0
16
0
29
0
133
0
25
0
77
0
3
0
39
0
47
0
152
0
88
0
62
0
22
0
9
0
2
0
252
0
167
0
152
0
425
0
259
0
41
0
18
0
115
0
16
0
272
0
295
0
175
0
151
0
99
0
120
0
63
0
180
0
26
0
58
0
35
0
43
0
93
0
95
0
51
0
38
0
357
0
65
0
8
0
61
0
53
0
203
0
297
0
31
0
91
0
182
0
162
0
71
0
16
0
3
0
61
0
11
0
54
0
22
0
4
0
17
0
5
0
99
0
36
0
136
0
8
0
31
0
19
0
129
0
14
0
4
0
57
0
171
0
61
0
492
0
53
0
55
0
49
0
151
0
135
0
39
0
14
0
253
0
139
0
11
0
43
0
41
0
39
0
3
0
37
0
6
0
265
0
93
0
101
0
105
0
26
0
170
0
40
0
19
0
105
0
10
0
109
0
60
0
123
0
72
0
138
0
2
0
19
0
100
0
22
0
88
0
46
0
236
0
82
0
32
0
209
0
148
0
303
0
119
0
117
0
149
0
35
0
166
0
30
0
61
0
217
0
104
0
22
0
53
0
98
0
231
0
95
0
24
0
2
0
6
0
8
0
53
0
1
0
24
0
39
20
0
57
0
34
0
9
0
13
0
115
0
55
0
47
0
41
0
28
0
1
0
112
0
6
0
18
0
7
0
30
0
8
0
39
0
11
0
1
0
27
0
58
0
14
0
132
0
63
0
15
0
57
0
57
0
1
0
53
0
34
0
24
0
71
0
1
0
8
0
30
0
25
0
14
0
3
0
32
0
17
0
26
0
13
0
56
0
38
0
5
0
1
0
63
0
2
0
7
0
7
0
65
0
18
0
44
0
11
0
36
0
8
0
4
0
15
0
25
0
34
0
18
0
11
0
23
0
2
0
1
0
16
0
18
0
28
0
2
0
9
0
2
0
1
0
9
0
25
0
3
0
36
0
25
0
3
0
2
0
1
0
5
0
2
0
64
0
2
0
12
0
29
0
25
0
7
0
6
0
28
0
15
0
6
0
6
0
15
0
12
0
10
0
15
0
18
0
1
0
8
0
37
0
1
0
3
0
5
0
16
0
13
0
3
0
9
0
1
0
5
0
2
0
3
0
15
0
2
0
1
0
1
0
2
0
2
0
12
0
2
0
4
0
5
0
3
0
6
0
8
0
3
0
5
0
19
0
7
0
19
0
4
0
16
0
19
0
6
0
4
0
8
0
1
0
3
0
2
0
1
0
15
0
5
0
1
0
3
0
2
0
1
0
2
0
3
0
3
1
0
3
0
4
0
1
0
4
0
3
0
13
0
3
0
1
0
1
0
1
0
1
0
3
0
2
0
7
0
1
0
2
0
3
0
1
0
8
0
4
0
2
0
2
0
3
0
4
0
1
0
4
0
3
0
1
0
6
0
5
0
5
0
2
0
1
0
5
0
4
0
1
0
4
0
8
0
1
0
1
0
3
0
5
0
2
0
1
0
1
0
1
0
1
0
1
0
4
0
1
0
4
0
2
0
1
0
5
0
3
0
2
0
1
0
4
0
2
