4147817243
0
1123816929
0
714849487
0
456915932
0
332209336
0
253898489
0
202786774
0
167421826
0
140089034
0
120234150
0
104209448
0
91629023
0
81682970
0
72713037
0
65533149
0
58966912
0
54575883
0
50088561
0
45665238
0
42662084
0
39897949
0
37089676
0
34592750
0
32676347
0
30410942
0
29098683
0
27223515
0
25968508
0
25026945
0
23472934
0
22532065
0
21334664
0
20152460
0
19327783
0
18670752
0
17751579
0
17206154
0
16503122
0
15895868
0
15361987
0
14819708
0
14268880
0
13716413
0
13189733
0
12661457
0
12385620
0
12013370
0
11608156
0
11216753
0
11021945
0
10872211
0
10603345
0
10216223
0
10133193
0
9701245
0
9360062
0
9271402
0
8907694
0
8748730
0
8452376
0
8362219
0
8099253
0
7923964
0
7662051
0
7606219
0
7283723
0
7218473
0
7138312
0
6828178
0
6730685
0
6713858
0
6575688
0
6523694
0
6274548
0
6143368
0
6034290
0
5959344
0
5773589
0
5719691
0
5574088
0
5496199
0
5343934
0
5257901
0
5275630
0
5121717
0
4997099
0
4939339
0
4790615
0
4743991
0
4637857
0
4612946
0
4549098
0
4421232
0
4449105
0
4439086
0
4377447
0
4272985
0
4252977
0
4139299
0
4017481
0
4026626
0
3952114
0
3814029
0
3801219
0
3757244
0
3695800
0
3595455
0
3540555
0
3464172
0
3412160
0
3441233
0
3337813
0
3329959
0
3235067
0
3246377
0
3197546
0
3170513
0
3196290
0
3174912
0
3203505
0
2995199
0
2972190
0
3012989
0
2991564
0
2920108
0
2989269
0
2942479
0
2886333
0
2816312
0
2693931
0
2752161
0
2719486
0
2701015
0
2652588
0
2658940
0
2637195
0
2632436
0
2546989
0
2562778
0
2511537
0
2535426
0
2513411
0
2499862
0
2412956
0
2427826
0
2352607
0
2300601
0
2334429
0
2332790
0
2300281
0
2314858
0
2281527
0
2262624
0
2233248
0
2199939
0
2161640
0
2110041
0
2146027
0
2128102
0
1996202
0
2063152
0
2044590
0
2072532
0
2024637
0
2026188
0
2020512
0
1976192
0
2003218
0
1935513
0
1952272
0
1940358
0
1885023
0
1867316
0
1923771
0
1888240
0
1951063
0
1882161
0
1877231
0
1836169
0
1825351
0
1828609
0
1817609
0
1785495
0
1731809
0
1766613
0
1752071
0
1720841
0
1724778
0
1699351
0
1709322
0
1696438
0
1722078
0
1674117
0
1623971
0
1569791
0
1624273
0
1621041
0
1544308
0
1552873
0
1558885
0
1500527
0
1507427
0
1481371
0
1469072
0
1395869
0
1427399
0
1422726
0
1425636
0
1421567
0
1430264
0
1389397
0
1367997
0
1364187
0
1381399
0
1321799
0
1338836
0
1342028
0
1306486
0
1331616
0
1328243
0
1323303
0
1301325
0
1313246
0
1330588
0
1304682
0
1288063
0
1287298
0
1274525
0
1285952
0
1280666
0
1266107
0
1304634
0
1270520
0
1270648
0
1232342
0
1210951
0
1174713
0
1214149
0
1201457
0
1220945
0
1181880
0
1196814
0
1169882
0
1172876
0
1173685
0
1166510
0
1224522
0
1159659
0
1173737
0
1155388
0
1169948
0
1164947
0
1145956
0
1125446
0
1060358
0
1086815
0
1104366
0
1099865
0
1077986
0
1078819
0
1104443
0
1091226
0
1089053
0
1059999
0
1029507
0
1088955
0
1060732
0
1037455
0
1028809
0
1006937
0
1005732
0
1009688
0
992731
0
1018086
0
990678
0
1003194
0
1003272
0
1012546
0
1004047
0
984331
0
966579
0
1010248
0
1010992
0
987964
0
987740
0
936197
0
987792
0
957327
0
948010
0
947799
0
896555
0
905359
0
938496
0
882773
0
894956
0
871499
0
868342
0
874625
0
881166
0
915434
0
893547
0
929636
0
928226
0
910356
0
936944
0
951773
0
907775
0
902712
0
897957
0
897062
0
882676
0
888830
0
860608
0
843857
0
857104
0
878086
0
858295
0
890878
0
839418
0
845071
0
847453
0
834168
0
842727
0
795505
0
801726
0
779189
0
805506
0
796968
0
774197
0
791749
0
753513
0
760567
0
775280
0
756264
0
755888
0
744072
0
781286
0
786714
0
767255
0
754686
0
741452
0
731070
0
746265
0
752457
0
736311
0
769782
0
764579
0
744618
0
712261
0
764954
0
759235
0
734431
0
705953
0
700717
0
699828
0
701781
0
709314
0
705528
0
688953
0
699259
0
692367
0
705227
0
708311
0
676773
0
710025
0
697900
0
718570
0
706498
0
694744
0
705562
0
666814
0
677709
0
680040
0
692009
0
669946
0
665412
0
689470
0
650226
0
683576
0
648321
0
631955
0
639078
0
669938
0
643982
0
662578
0
639009
0
616066
0
609269
0
606851
0
615302
0
599356
0
630434
0
630776
0
596871
0
584929
0
587028
0
619391
0
630960
0
593224
0
624811
0
601245
0
583685
0
586464
0
611116
0
605495
0
572849
0
595621
0
580875
0
612352
0
576423
0
612300
0
581031
0
557415
0
566567
0
555640
0
563700
0
557526
0
567470
0
561747
0
567595
0
554219
0
536503
0
546138
0
535233
0
552424
0
543180
0
516235
0
552524
0
523836
0
525338
0
531209
0
538562
0
533937
0
557267
0
561411
0
561513
0
570224
0
546684
0
556083
0
561983
0
543588
0
554650
0
546496
0
544631
0
549465
0
555276
0
545673
0
516629
0
509518
0
547808
0
552888
0
523531
0
559417
0
519579
0
549884
0
560768
0
571998
0
558240
0
540279
0
563094
0
552306
0
511146
0
532649
0
520747
0
520666
0
577847
0
552109
0
533355
0
528382
0
535434
0
502302
0
483192
0
491655
0
478482
0
482804
0
500494
0
491902
0
489817
0
497706
0
471870
0
475644
0
478607
0
496862
0
513426
0
503815
0
523659
0
505758
0
488797
0
489034
0
495401
0
493079
0
510515
0
501365
0
476698
0
529762
0
542908
0
517336
0
497118
0
491611
0
523375
0
488817
0
486114
0
487534
0
489779
0
487231
0
485700
0
484539
0
456306
0
481992
0
477137
0
464437
0
454453
0
466956
0
476579
0
469359
0
446124
0
478354
0
477510
0
467081
0
471427
0
479201
0
470841
0
444057
0
477080
0
469292
0
497910
0
490593
0
492568
0
495014
0
489085
0
512963
0
490749
0
493044
0
471896
0
509596
0
495427
0
488915
0
491384
0
499733
0
500808
0
490519
0
505472
0
502663
0
481723
0
494798
0
496120
0
501533
0
476604
0
482900
0
463719
0
471956
0
475178
0
477368
0
479393
0
480696
0
477922
0
464383
0
478673
0
460876
0
455162
0
475555
0
455658
0
463629
0
428960
0
438994
0
436319
0
413534
0
428550
0
426140
0
426538
0
401100
0
429779
0
415374
0
455606
0
453007
0
437468
0
447442
0
428954
0
450195
0
452857
0
460172
0
445587
0
450995
0
457600
0
461005
0
450675
0
470695
0
481915
0
478663
0
448430
0
482381
0
474823
0
466842
0
437976
0
460591
0
452275
0
461320
0
441927
0
452112
0
435364
0
444447
0
430121
0
445769
0
422716
0
447782
0
430568
0
426870
0
428376
0
406030
0
413291
0
400980
0
396936
0
403618
0
399535
0
397473
0
396895
0
398223
0
395752
0
402365
0
408631
0
405581
0
397133
0
402424
0
416725
0
388581
0
414036
0
381819
0
381392
0
391661
0
397779
0
378304
0
399889
0
392252
0
391161
0
413172
0
396805
0
387962
0
374813
0
389575
0
405242
0
431860
0
424772
0
407466
0
429386
0
377210
0
404925
0
406573
0
390937
0
405666
0
409593
0
417246
0
420017
0
412627
0
411698
0
401756
0
420884
0
410924
0
413193
0
405731
0
400576
0
392367
0
400516
0
408652
0
381032
0
382532
0
384461
0
385303
0
412753
0
388829
0
397646
0
410979
0
372919
0
401900
0
352910
0
390159
0
378785
0
403634
0
388487
0
379519
0
382204
0
395096
0
392046
0
377356
0
391480
0
401830
0
399603
0
408838
0
402744
0
412932
0
408840
0
430072
0
397000
0
407938
0
413838
0
404352
0
404738
0
392708
0
409163
0
395413
0
446100
0
406944
0
405056
0
394024
0
375038
0
385128
0
406278
0
413799
0
389571
0
411632
0
382742
0
377233
0
405851
0
400224
0
410886
0
419219
0
420389
0
380421
0
371146
0
406377
0
413180
0
395764
0
381238
0
396674
0
389217
0
385907
0
394838
0
393188
0
394715
0
396545
0
390283
0
372486
0
391187
0
386574
0
375097
0
404146
0
385171
0
394913
0
361831
0
368379
0
381958
0
384568
0
381669
0
394173
0
385083
0
368129
0
389217
0
371426
0
365135
0
364786
0
345100
0
376183
0
361189
0
364271
0
363511
0
371171
0
368303
0
389692
0
384627
0
355573
0
368053
0
366075
0
360360
0
384757
0
405817
0
383807
0
392417
0
385863
0
379040
0
367286
0
350529
0
359495
0
376470
0
397692
0
366877
0
355235
0
372813
0
358483
0
369310
0
366404
0
356540
0
365217
0
368301
0
352021
0
355084
0
374488
0
361575
0
361144
0
358686
0
359108
0
352855
0
365939
0
378671
0
355451
0
354703
0
368644
0
337875
0
368836
0
350925
0
360529
0
363517
0
359720
0
361228
0
380284
0
381309
0
371739
0
372470
0
350970
0
371879
0
372773
0
367457
0
400277
0
384140
0
379677
0
379856
0
377877
0
344813
0
369718
0
389023
0
392623
0
361551
0
394722
0
352641
0
370625
0
382142
0
373475
0
368595
0
378994
0
343211
0
335101
0
353603
0
360080
0
360093
0
353221
0
363765
0
388594
0
393648
0
416025
0
381156
0
406993
0
363805
0
391900
0
393123
0
387899
0
391129
0
399262
0
413187
0
400778
0
415484
0
440016
0
438673
0
425342
0
419987
0
425073
0
399429
0
427541
0
449620
0
454321
0
412208
0
411280
0
432601
0
430698
0
449990
0
423678
0
422799
0
429679
0
422848
0
410639
0
400383
0
411967
0
430969
0
421021
0
423402
0
420008
0
431485
0
445578
0
458899
0
383583
0
380246
0
400715
0
391517
0
400169
0
398670
0
411919
0
429531
0
398233
0
452219
0
424395
0
405928
0
435107
0
422741
0
425383
0
438139
0
447917
0
424336
0
450039
0
439016
0
428299
0
443511
0
444122
0
440600
0
444090
0
436392
0
449948
0
440579
0
462365
0
445056
0
491286
0
485158
0
487937
0
461892
0
492461
0
483643
0
522867
0
501046
0
497435
0
488939
0
495536
0
494100
0
537961
0
519788
0
523446
0
522296
0
489536
0
540236
0
522680
0
565447
0
532595
0
508186
0
525588
0
526788
0
560001
0
550969
0
557129
0
555866
0
512170
0
539935
0
578884
0
577138
0
577842
0
570320
0
579894
0
611672
0
569656
0
559029
0
561171
0
579985
0
581844
0
586143
0
611628
0
604471
0
623236
0
628955
0
645440
0
623100
0
583561
0
573401
0
646811
0
632105
0
601435
0
617027
0
600141
0
651936
0
686071
0
675425
0
722646
0
663235
0
669986
0
687580
0
782563
0
682782
0
729940
0
731954
0
730555
0
782290
0
753964
0
834864
0
758668
0
853863
0
910494
0
896751
0
900866
0
913542
0
939824
0
956570
0
997965
0
927377
0
1044299
0
1027581
0
1106601
0
1117750
0
1240205
0
1261221
0
1292645
0
1433973
0
1494844
0
1751380
0
1853868
0
2169554
0
2426961
0
4067409
0
