2
0
4
0
1
0
2
3
0
5
0
1
0
2
0
4
0
1
0
4
0
1
0
1
0
1
0
1
0
1
0
2
0
5
0
3
0
1
1
8
0
4
0
1
0
4
0
5
0
1
0
2
0
5
0
5
0
6
0
1
3
0
4
0
1
0
4
0
3
0
2
0
2
0
4
0
8
0
1
0
3
0
2
0
1
7
0
2
0
3
0
1
0
1
0
1
0
1
3
0
13
0
3
4
0
1
0
4
0
3
0
1
3
0
3
0
2
0
1
0
2
0
3
0
1
0
5
15
0
1
0
2
3
0
1
0
8
0
4
0
6
0
4
0
19
0
12
0
4
0
19
7
19
5
0
3
8
0
6
0
3
0
5
0
4
0
2
0
12
0
2
0
2
0
1
0
1
0
2
0
15
0
3
0
2
0
5
1
0
9
3
13
16
0
5
0
3
0
1
37
0
8
0
1
2
23
18
12
15
0
6
6
15
0
34
0
7
25
0
27
2
12
0
2
0
64
7
0
2
1
3
36
25
3
25
0
9
0
1
0
2
0
9
0
2
0
28
18
0
16
1
2
0
23
0
11
18
0
34
25
1
18
2
48
56
25
60
7
0
55
50
20
38
12
27
0
17
35
14
27
49
82
33
55
1
94
20
15
37
66
59
71
3
43
15
1
0
11
39
0
8
30
25
0
6
0
112
1
0
69
0
47
55
115
0
13
9
34
0
57
0
59
0
27
65
10
49
215
186
60
12
38
63
206
68
30
83
92
101
50
141
203
72
400
218
236
46
21
0
79
0
10
100
40
22
205
256
10
105
117
158
349
201
40
92
41
213
233
184
151
102
440
90
73
50
134
4
0
97
61
127
335
919
1042
1901
2201
3313
5464
8114
10888
15047
21982
25639
34607
43955
54399
67361
82889
98357
118811
139113
164606
194940
219690
247570
271760
295713
317262
347305
371244
391442
403166
427597
439987
433426
434552
432329
416923
396568
367207
347403
318581
289769
272056
228506
206876
174455
155705
131605
106956
87290
72054
61624
48627
38667
29965
25153
20686
15448
11596
8899
7634
5150
5172
3407
2585
1400
1542
1029
672
340
75
44
16
0
0
0
0
0
0
0
0
0
0
0
0
0
0
0
0
0
0
0
0
0
0
0
0
0
0
0
0
0
0
0
0
0
0
0
0
0
0
0
0
0
0
0
0
0
0
0
0
0
0
0
0
0
0
0
0
0
0
0
0
0
0
0
0
0
0
0
0
0
0
0
0
0
0
0
0
0
0
0
0
0
0
0
0
0
0
0
0
0
0
0
0
0
0
0
0
0
0
0
0
0
0
0
0
0
0
0
0
0
0
0
0
0
0
0
0
0
0
0
0
0
0
0
0
0
0
0
0
0
0
0
0
0
0
0
0
0
0
0
0
0
0
0
0
0
0
0
0
0
0
0
0
0
0
0
0
0
0
0
0
0
0
0
0
0
0
0
0
0
0
0
0
0
0
0
0
0
0
0
0
0
0
0
0
0
0
0
0
0
0
0
0
0
0
0
0
0
0
0
0
0
0
0
0
0
0
0
0
0
0
0
0
0
0
0
0
0
0
0
0
0
0
0
0
0
0
0
0
0
0
0
0
0
0
0
0
0
0
0
0
0
0
0
0
0
0
0
0
0
0
0
0
0
0
0
0
0
0
0
0
0
0
0
0
0
0
0
0
0
0
0
0
0
0
0
0
0
0
0
0
0
0
0
0
0
0
0
0
0
0
0
0
0
0
0
0
0
0
0
0
0
0
0
0
0
0
0
0
0
0
0
0
0
0
0
0
0
0
0
0
0
0
0
0
0
0
0
0
0
0
0
0
0
0
0
0
0
0
0
0
0
0
0
0
0
0
0
0
0
0
0
0
0
0
0
0
0
0
0
0
0
0
0
0
0
0
0
0
0
0
0
0
0
0
0
0
0
0
0
0
0
0
0
0
0
0
0
0
0
0
0
0
0
0
0
0
0
0
0
0
0
0
0
0
0
0
0
0
0
0
0
0
0
0
0
0
0
0
0
0
0
0
0
0
0
0
0
0
0
0
0
0
0
0
0
0
0
0
0
0
0
0
0
0
0
0
0
0
0
0
0
0
0
0
0
0
0
0
0
0
0
0
0
0
0
0
0
0
0
0
0
0
0
0
0
0
0
0
0
0
0
0
0
0
0
0
0
0
0
0
0
0
0
0
0
0
0
0
0
0
0
0
0
0
0
0
0
0
0
0
0
0
0
0
0
0
0
0
0
0
0
0
0
0
0
0
0
0
0
0
0
0
0
0
0
0
0
0
0
0
0
0
0
0
0
0
