4044
0
1076
0
693
0
424
0
330
0
234
0
183
0
144
0
119
0
88
0
80
0
85
0
65
0
61
0
55
0
49
0
46
0
36
0
48
0
40
0
37
0
24
0
28
0
22
0
23
0
24
0
24
0
24
0
25
0
18
0
16
0
17
0
18
0
18
0
19
0
14
0
12
0
15
0
18
0
15
0
17
0
14
0
11
0
11
0
11
0
5
0
11
0
8
0
7
0
10
0
6
0
5
0
8
0
3
0
5
0
5
0
8
0
6
0
8
0
6
0
7
0
4
0
8
0
5
0
5
0
5
0
4
0
5
0
7
0
8
0
6
0
3
0
5
0
3
0
4
0
4
0
6
0
5
0
6
0
9
0
8
0
3
0
6
0
4
0
5
0
4
0
3
0
1
0
1
0
3
0
3
0
4
0
4
0
5
0
3
0
2
0
1
0
1
0
1
0
2
0
2
0
3
0
2
0
4
0
5
0
4
0
2
0
1
0
3
0
3
0
6
0
4
0
4
0
5
0
2
0
3
0
3
0
4
0
5
0
4
0
3
0
5
0
0
0
1
0
7
0
4
0
4
0
3
0
5
0
3
0
5
0
4
0
3
0
4
0
3
0
3
0
5
0
1
0
1
0
1
0
1
0
3
0
4
0
3
0
4
0
1
0
1
0
4
0
3
0
2
0
3
0
3
0
2
0
1
0
0
0
2
0
2
0
4
0
1
0
2
0
1
0
3
0
1
0
1
0
4
0
3
0
3
0
2
0
2
0
3
0
0
0
3
0
4
0
2
0
2
0
1
0
3
0
2
0
1
0
3
0
2
0
2
0
0
0
2
0
2
0
3
0
2
0
1
0
1
0
2
0
0
0
1
0
3
0
0
0
3
0
1
0
2
0
2
0
2
0
2
0
2
0
2
0
2
0
2
0
2
0
4
0
3
0
2
0
3
0
4
0
4
0
2
0
1
0
3
0
3
0
1
0
1
0
3
0
0
0
0
0
1
0
3
0
1
0
3
0
1
0
2
0
3
0
2
0
2
0
3
0
1
0
2
0
2
0
2
0
1
0
0
0
3
0
3
0
3
0
3
0
0
0
1
0
1
0
2
0
0
0
1
0
2
0
0
0
1
0
1
0
2
0
2
0
1
0
3
0
2
0
2
0
0
0
2
0
1
0
2
0
1
0
1
0
2
0
1
0
1
0
0
0
0
0
1
0
2
0
2
0
1
0
2
0
1
0
3
0
2
0
1
0
1
0
2
0
0
0
4
0
2
0
1
0
0
0
1
0
1
0
1
0
1
0
2
0
2
0
0
0
2
0
1
0
0
0
2
0
1
0
0
0
2
0
1
0
2
0
1
0
1
0
0
0
4
0
1
0
0
0
1
0
3
0
3
0
4
0
1
0
1
0
2
0
1
0
1
0
3
0
2
0
2
0
3
0
1
0
3
0
1
0
3
0
2
0
4
0
2
0
2
0
2
0
4
0
3
0
3
0
0
0
0
0
2
0
1
0
2
0
1
0
2
0
0
0
1
0
1
0
1
0
1
0
2
0
1
0
2
0
1
0
1
0
1
0
1
0
1
0
1
0
2
0
0
0
2
0
2
0
2
0
2
0
0
0
0
0
1
0
0
0
3
0
1
0
2
0
1
0
0
0
0
0
1
0
1
0
1
0
0
0
0
0
2
0
3
0
0
0
1
0
3
0
0
0
0
0
0
0
2
0
3
0
4
0
1
0
2
0
2
0
2
0
2
0
2
0
4
0
0
0
1
0
3
0
4
0
3
0
2
0
1
0
2
0
1
0
1
0
1
0
1
0
1
0
0
0
0
0
1
0
2
0
2
0
2
0
1
0
3
0
1
0
1
0
0
0
0
0
2
0
3
0
2
0
2
0
1
0
5
0
0
0
2
0
1
0
2
0
3
0
3
0
0
0
2
0
2
0
1
0
2
0
0
0
2
0
1
0
3
0
4
0
4
0
2
0
1
0
2
0
0
0
2
0
0
0
3
0
1
0
2
0
3
0
1
0
1
0
1
0
3
0
0
0
1
0
1
0
1
0
0
0
2
0
1
0
2
0
1
0
1
0
2
0
0
0
2
0
0
0
0
0
1
0
1
0
2
0
0
0
1
0
0
0
1
0
1
0
2
0
2
0
3
0
1
0
4
0
1
0
1
0
1
0
1
0
1
0
0
0
3
0
1
0
4
0
3
0
2
0
1
0
0
0
1
0
1
0
0
0
1
0
1
0
1
0
2
0
0
0
0
0
1
0
1
0
0
0
1
0
0
0
1
0
2
0
1
0
1
0
0
0
3
0
2
0
2
0
2
0
1
0
1
0
2
0
2
0
2
0
1
0
4
0
1
0
1
0
2
0
2
0
1
0
1
0
0
0
1
0
0
0
1
0
1
0
2
0
1
0
1
0
1
0
1
0
1
0
1
0
0
0
0
0
1
0
3
0
1
0
0
0
0
0
1
0
0
0
2
0
2
0
1
0
3
0
1
0
1
0
0
0
0
0
2
0
0
0
1
0
0
0
1
0
1
0
0
0
0
0
1
0
1
0
1
0
1
0
1
0
0
0
1
0
0
0
0
0
1
0
0
0
0
0
0
0
0
0
1
0
1
0
0
0
1
0
1
0
1
0
0
0
0
0
0
0
1
0
0
0
0
0
0
0
1
0
1
0
0
0
0
0
1
0
0
0
0
0
0
0
0
0
0
0
1
0
2
0
1
0
1
0
1
0
0
0
0
0
1
0
1
0
0
0
2
0
1
0
0
0
1
0
1
0
1
0
0
0
1
0
0
0
0
0
0
0
1
0
0
0
1
0
0
0
0
0
0
0
0
0
1
0
1
0
0
0
0
0
0
0
0
0
1
0
3
0
1
0
2
0
0
0
0
0
0
0
0
0
0
0
0
0
1
0
1
0
2
0
1
0
0
0
0
0
1
0
1
0
2
0
1
0
0
0
3
0
2
0
2
0
2
0
2
0
2
0
0
0
3
0
0
0
1
0
1
0
1
0
1
0
1
0
0
0
1
0
1
0
0
0
1
0
0
0
2
0
1
0
0
0
0
0
0
0
0
0
0
0
0
0
1
0
2
0
1
0
1
0
1
0
1
0
1
0
2
0
3
0
1
0
1
0
1
0
0
0
0
0
1
0
0
0
1
0
1
0
1
0
1
0
2
0
0
0
2
0
2
0
2
0
1
0
0
0
0
0
1
0
1
0
2
0
1
0
2
0
1
0
3
0
3
0
1
0
2
0
0
0
1
0
1
0
1
0
1
0
1
0
2
0
1
0
2
0
2
0
1
0
1
0
1
0
0
0
2
0
1
0
0
0
0
0
0
0
0
0
0
0
1
0
1
0
1
0
1
0
1
0
2
0
1
0
1
0
2
0
0
0
3
0
1
0
0
0
1
0
2
0
0
0
1
0
1
0
0
0
1
0
1
0
2
0
1
0
2
0
1
0
2
0
2
0
2
0
2
0
0
0
3
0
3
0
1
0
2
0
0
0
1
0
0
0
1
0
1
0
0
0
0
0
1
0
1
0
0
0
1
0
0
0
1
0
3
0
3
0
1
0
0
0
1
0
0
0
0
0
1
0
0
0
0
0
0
0
1
0
1
0
1
0
1
0
0
0
1
0
1
0
1
0
0
0
2
0
1
0
3
0
0
0
1
0
2
0
3
0
1
0
1
0
2
0
1
0
2
0
0
0
2
0
1
0
3
0
2
0
0
0
0
0
1
0
1
0
0
0
0
0
1
0
1
0
2
0
3
0
2
0
0
0
4
0
1
0
2
0
0
0
4
0
1
0
1
0
3
0
2
0
5
0
5
0
3
0
5
0
2
0
4
0
4
0
4
0
3
0
1
0
3
0
1
0
2
0
4
0
1
0
1
0
1
0
0
0
1
0
0
0
2
0
0
0
4
0
0
0
1
0
2
0
0
0
0
0
2
0
1
0
1
0
2
0
3
0
0
0
2
0
1
0
0
0
2
0
1
0
1
0
2
0
1
0
1
0
1
0
2
0
1
0
1
0
2
0
3
0
1
0
4
0
2
0
0
0
2
0
3
0
1
0
1
0
2
0
0
0
0
0
2
0
0
0
2
0
2
0
1
0
3
0
1
0
2
0
0
0
0
0
0
0
1
0
2
0
0
0
1
0
2
0
3
0
1
0
2
0
2
0
2
0
2
0
3
0
3
0
2
0
1
0
2
0
2
0
1
0
3
0
3
0
4
0
3
0
5
0
3
0
4
0
3
0
2
0
2
0
1
0
2
0
2
0
4
0
4
0
3
0
1
0
1
0
1
0
3
0
2
0
5
0
3
0
3
0
2
0
2
0
1
0
2
0
1
0
2
0
0
0
0
0
2
0
2
0
2
0
2
0
1
0
0
0
0
0
0
0
3
0
2
0
2
0
2
0
2
0
3
0
5
0
0
0
3
0
2
0
2
0
1
0
2
0
3
0
2
0
2
0
3
0
3
0
6
0
2
0
6
0
