0
0
0
0
0
0
0
0
0
0
0
0
0
0
0
0
0
0
0
0
0
0
0
0
0
0
0
0
0
0
0
0
0
0
0
0
0
0
0
0
0
0
0
0
0
0
0
0
0
0
21
56
184
201
302
864
1272
2458
2925
5123
6528
9543
13713
18248
22094
27203
32096
42663
52374
60480
67799
81801
88534
102699
115768
128067
142958
161724
172484
188126
198528
225283
223148
236877
239170
266388
252353
270569
264863
269382
268084
276850
261380
273017
245128
260699
236795
254191
217836
244912
214065
215734
201002
203281
181393
186496
166696
165816
146227
148262
127601
132343
109681
116745
95040
95894
84770
81987
71071
64949
63323
53719
54470
42239
41596
33471
35245
29112
31585
24099
26972
19982
20906
14992
17824
12227
13718
7837
12846
7448
9094
6132
7151
4288
4839
3777
4937
2231
4260
2265
2780
2003
2057
1488
1072
1105
1084
619
503
623
625
748
416
298
387
183
136
32
48
62
13
19
0
12
0
76
0
38
29
5
332
0
514
0
338
0
160
0
142
0
80
0
131
0
146
0
173
0
154
0
244
0
318
0
63
0
74
0
36
0
4
0
29
0
51
0
83
0
384
0
22
0
1
0
249
0
312
0
135
0
91
0
24
0
151
0
189
0
665
0
372
0
182
0
104
0
159
0
373
0
130
0
328
0
340
0
893
0
454
0
242
0
66
0
74
0
156
0
89
0
635
0
563
0
387
0
151
0
72
0
47
0
123
0
69
0
49
0
127
83
36
39
131
55
388
96
217
54
44
0
76
0
69
0
53
0
26
0
16
0
29
0
133
0
25
0
77
0
3
0
39
0
47
0
152
0
88
0
62
0
22
0
9
0
2
0
252
0
167
0
152
0
425
0
259
0
41
0
18
0
115
0
16
0
272
0
295
0
175
0
151
0
99
0
120
0
63
0
180
0
26
0
58
0
35
0
43
0
93
0
95
0
51
0
38
0
357
0
65
0
8
0
61
0
53
0
203
0
297
0
31
0
91
0
182
0
162
0
71
0
16
0
3
0
61
0
11
0
54
0
22
0
4
0
17
0
5
0
99
0
36
0
136
0
8
0
31
0
19
0
129
0
14
0
4
0
57
0
171
0
61
0
492
0
53
0
55
0
49
0
151
0
135
0
39
0
14
0
253
0
139
0
11
0
43
0
41
0
39
0
3
0
37
0
6
0
265
0
93
0
101
0
105
0
26
0
170
0
40
0
19
0
105
0
10
0
109
0
60
0
123
0
72
0
138
0
2
0
19
0
100
0
22
0
88
0
46
0
236
0
82
0
32
0
209
0
148
0
303
0
119
0
117
0
149
0
35
0
166
0
30
0
61
0
217
0
104
0
22
0
53
0
98
0
231
0
95
0
24
0
2
0
6
0
8
0
53
0
1
0
24
0
39
20
0
57
0
34
0
9
0
13
0
115
0
55
0
47
0
41
0
28
0
1
0
112
0
6
0
18
0
7
0
30
0
8
0
39
0
11
0
1
0
27
0
58
0
14
0
132
0
63
0
15
0
57
0
57
0
1
0
53
0
34
0
24
0
71
0
1
8
0
30
0
25
0
14
0
3
0
32
0
17
0
26
0
13
0
56
0
38
0
5
0
1
0
63
0
2
0
7
0
7
0
65
0
18
0
44
0
11
0
36
0
8
0
4
0
15
0
25
0
34
0
18
0
11
0
23
0
2
0
1
0
16
0
18
0
28
0
2
0
9
0
2
0
1
0
9
0
25
0
3
0
36
0
25
0
3
0
2
0
1
0
5
0
2
0
64
0
2
0
12
0
29
0
25
0
7
0
6
0
28
0
15
0
6
0
6
0
15
0
12
0
10
0
15
0
18
0
1
0
8
0
37
0
1
0
3
0
5
0
16
0
13
0
3
0
9
0
1
0
5
0
2
0
3
0
15
0
2
0
1
0
1
0
2
0
2
0
12
0
2
0
4
0
5
0
3
0
6
0
8
0
3
0
5
0
19
0
7
0
19
0
4
0
16
0
19
0
6
0
4
0
8
0
1
0
3
0
2
0
1
0
15
0
5
0
1
0
3
0
2
0
1
0
2
0
3
0
3
1
0
3
0
4
0
1
0
4
0
3
0
13
0
3
0
1
0
1
0
1
0
1
0
3
0
2
0
7
0
1
0
2
0
3
0
1
0
8
0
4
0
2
0
2
0
3
0
4
0
1
0
4
0
3
0
1
0
6
0
5
0
5
0
2
0
1
0
5
0
4
0
1
0
4
0
8
0
1
0
1
0
3
0
5
0
2
0
1
0
1
0
1
0
1
0
1
0
4
0
1
0
4
0
2
0
1
0
5
0
3
0
2
0
1
0
4
0
2
