5022
0
973
0
628
0
401
0
300
0
232
0
185
0
125
0
122
0
86
0
91
0
75
0
69
0
71
0
52
0
52
0
55
0
38
0
44
0
32
0
26
0
30
0
20
0
29
0
27
0
28
0
20
0
23
0
19
0
20
0
21
0
24
0
25
0
20
0
21
0
22
0
7
0
14
0
12
0
14
0
13
0
13
0
12
0
12
0
7
0
13
0
6
0
10
0
9
0
7
0
9
0
8
0
6
0
2
0
10
0
9
0
8
0
6
0
17
0
8
0
9
0
12
0
3
0
8
0
6
0
5
0
9
0
9
0
9
0
11
0
4
0
6
0
6
0
7
0
6
0
6
0
5
0
3
0
6
0
5
0
4
0
6
0
3
0
5
0
3
0
4
0
4
0
4
0
2
0
3
0
2
0
1
0
1
0
2
0
4
0
4
0
6
0
2
0
2
0
2
0
1
0
2
0
3
0
1
0
1
0
3
0
3
0
4
0
4
0
4
0
1
0
6
0
0
0
5
0
3
0
1
0
2
0
2
0
2
0
2
0
2
0
2
0
3
0
4
0
2
0
4
0
2
0
1
0
4
0
4
0
1
0
2
0
0
0
0
0
1
0
0
0
2
0
1
0
0
0
3
0
1
0
0
0
1
0
3
0
2
0
0
0
1
0
3
0
1
0
2
0
4
0
2
0
2
0
1
0
2
0
2
0
2
0
3
0
2
0
6
0
2
0
5
0
1
0
5
0
1
0
3
0
1
0
1
0
1
0
1
0
1
0
1
0
0
0
2
0
0
0
0
0
0
0
1
0
0
0
1
0
2
0
1
0
1
0
2
0
2
0
4
0
1
0
2
0
1
0
3
0
2
0
2
0
3
0
2
0
1
0
2
0
2
0
2
0
0
0
1
0
2
0
1
0
2
0
1
0
1
0
2
0
3
0
2
0
1
0
3
0
2
0
3
0
0
0
1
0
0
0
0
0
1
0
0
0
1
0
0
0
1
0
0
0
0
0
0
0
0
0
0
0
0
0
2
0
2
0
0
0
1
0
0
0
1
0
1
0
0
0
1
0
0
0
0
0
1
0
0
0
5
0
2
0
1
0
1
0
0
0
1
0
2
0
2
0
1
0
2
0
2
0
0
0
0
0
2
0
1
0
1
0
0
0
0
0
0
0
0
0
1
0
1
0
0
0
0
0
1
0
1
0
0
0
2
0
3
0
1
0
1
0
2
0
1
0
2
0
3
0
2
0
1
0
0
0
1
0
0
0
1
0
0
0
0
0
0
0
0
0
0
0
0
0
0
0
0
0
0
0
0
0
0
0
0
0
0
0
0
0
1
0
1
0
0
0
0
0
0
0
0
0
0
0
0
0
0
0
0
0
0
0
0
0
0
0
0
0
0
0
0
0
1
0
0
0
0
0
1
0
0
0
0
0
1
0
0
0
1
0
0
0
1
0
0
0
0
0
0
0
1
0
1
0
1
0
0
0
0
0
0
0
0
0
0
0
0
0
0
0
0
0
1
0
1
0
0
0
0
0
0
0
0
0
0
0
1
0
0
0
0
0
1
0
0
0
1
0
1
0
1
0
0
0
0
0
1
0
1
0
1
0
0
0
0
0
0
0
1
0
0
0
0
0
0
0
0
0
0
0
0
0
0
0
0
0
0
0
0
0
0
0
0
0
0
0
0
0
1
0
1
0
1
0
0
0
0
0
0
0
1
0
0
0
0
0
1
0
0
0
1
0
1
0
0
0
0
0
1
0
1
0
0
0
1
0
1
0
2
0
0
0
0
0
0
0
0
0
1
0
0
0
1
0
0
0
1
0
0
0
1
0
1
0
2
0
1
0
1
0
1
0
0
0
0
0
1
0
1
0
0
0
0
0
1
0
0
0
1
0
1
0
2
0
0
0
0
0
1
0
0
0
1
0
0
0
2
0
0
0
0
0
1
0
0
0
2
0
0
0
1
0
0
0
1
0
2
0
0
0
1
0
1
0
1
0
0
0
0
0
1
0
0
0
0
0
0
0
1
0
0
0
0
0
0
0
1
0
0
0
0
0
1
0
0
0
2
0
1
0
1
0
2
0
1
0
2
0
2
0
1
0
0
0
0
0
0
0
0
0
1
0
0
0
0
0
0
0
0
0
0
0
1
0
0
0
1
0
1
0
1
0
1
0
1
0
1
0
2
0
2
0
0
0
1
0
0
0
2
0
0
0
2
0
1
0
0
0
1
0
2
0
1
0
4
0
2
0
1
0
1
0
1
0
0
0
2
0
0
0
2
0
1
0
0
0
2
0
0
0
1
0
0
0
0
0
0
0
0
0
0
0
1
0
2
0
1
0
1
0
1
0
0
0
0
0
1
0
1
0
0
0
1
0
0
0
1
0
0
0
0
0
0
0
1
0
0
0
1
0
1
0
0
0
1
0
0
0
1
0
0
0
1
0
0
0
0
0
0
0
1
0
1
0
0
0
0
0
1
0
1
0
0
0
0
0
0
0
0
0
2
0
0
0
1
0
1
0
1
0
0
0
1
0
0
0
0
0
1
0
0
0
0
0
0
0
2
0
1
0
2
0
2
0
1
0
1
0
1
0
0
0
1
0
1
0
0
0
0
0
0
0
1
0
1
0
1
0
1
0
0
0
1
0
2
0
0
0
2
0
1
0
1
0
1
0
1
0
1
0
0
0
1
0
1
0
1
0
1
0
0
0
1
0
0
0
0
0
1
0
0
0
0
0
0
0
0
0
0
0
0
0
0
0
0
0
0
0
0
0
0
0
0
0
0
0
0
0
0
0
0
0
0
0
0
0
0
0
0
0
0
0
0
0
0
0
1
0
0
0
0
0
0
0
1
0
0
0
0
0
0
0
1
0
0
0
0
0
0
0
0
0
0
0
0
0
0
0
0
0
0
0
1
0
1
0
0
0
0
0
1
0
0
0
0
0
0
0
0
0
0
0
0
0
0
0
1
0
1
0
1
0
2
0
1
0
1
0
0
0
0
0
1
0
0
0
1
0
0
0
0
0
0
0
0
0
0
0
0
0
0
0
0
0
0
0
1
0
0
0
1
0
0
0
1
0
0
0
0
0
1
0
0
0
0
0
0
0
0
0
0
0
0
0
0
0
0
0
0
0
0
0
0
0
0
0
0
0
0
0
0
0
0
0
0
0
0
0
0
0
1
0
1
0
0
0
1
0
0
0
0
0
0
0
0
0
0
0
0
0
0
0
1
0
0
0
0
0
0
0
0
0
1
0
1
0
0
0
0
0
1
0
1
0
1
0
0
0
1
0
1
0
0
0
0
0
1
0
1
0
1
0
0
0
0
0
1
0
0
0
0
0
1
0
1
0
0
0
1
0
1
0
0
0
3
0
2
0
2
0
2
0
1
0
2
0
2
0
1
0
0
0
0
0
0
0
0
0
0
0
0
0
0
0
0
0
0
0
0
0
0
0
0
0
0
0
0
0
0
0
0
0
0
0
0
0
0
0
0
0
0
0
0
0
0
0
0
0
0
0
0
0
0
0
0
0
0
0
0
0
0
0
0
0
0
0
0
0
0
0
0
0
0
0
1
0
0
0
1
0
1
0
0
0
1
0
0
0
0
0
0
0
0
0
1
0
0
0
1
0
1
0
0
0
0
0
0
0
1
0
0
0
0
0
0
0
0
0
0
0
0
0
0
0
1
0
0
0
1
0
1
0
0
0
1
0
0
0
0
0
0
0
0
0
0
0
0
0
0
0
0
0
0
0
0
0
1
0
0
0
0
0
0
0
0
0
0
0
0
0
0
0
0
0
0
0
0
0
0
0
0
0
0
0
0
0
0
0
0
0
0
0
0
0
0
0
0
0
0
0
0
0
0
0
0
0
0
0
0
0
0
0
0
0
0
0
0
0
0
0
0
0
0
0
0
0
0
0
0
0
0
0
0
0
0
0
0
0
0
0
0
0
0
0
0
0
0
0
0
0
0
0
0
0
0
0
0
0
0
0
0
0
0
0
1
0
1
0
0
0
0
0
0
0
0
0
0
0
0
0
1
0
0
0
0
0
0
0
0
0
0
0
0
0
0
0
1
0
0
0
1
0
0
0
0
0
0
0
0
0
0
0
0
0
0
0
0
0
0
0
0
0
0
0
0
0
0
0
0
0
0
0
0
0
0
0
0
0
0
0
0
0
0
0
0
0
0
0
0
0
0
0
0
0
0
0
0
0
0
0
0
0
0
0
0
0
0
0
0
0
0
0
0
0
0
0
0
0
0
0
0
0
0
0
0
0
0
0
0
0
0
0
0
0
1
0
1
0
1
0
0
0
0
0
1
0
0
0
0
0
0
0
0
0
0
0
0
0
0
0
0
0
0
0
0
0
0
0
0
0
0
0
0
0
0
0
0
0
0
0
0
0
0
0
0
0
0
0
0
0
0
0
1
0
1
0
1
0
0
0
0
0
0
0
1
0
0
0
0
0
1
0
1
0
0
0
0
0
0
0
0
0
1
0
2
0
1
0
3
0
