3959683
3031055
1629998
735481
340917
143483
74548
26847
11315
3181
773
17
0
59
81
5
88
0
564
255
160
0
6
100
186
0
0
0
0
206
84
18
56
90
136
287
132
514
387
35
0
91
134
0
50
33
0
75
0
136
6
0
0
0
94
29
0
8
0
0
0
0
0
0
0
516
0
0
0
0
98
215
356
0
16
85
211
101
14
124
32
3
0
0
0
0
0
0
29
0
0
0
0
59
0
21
24
0
0
53
0
0
0
0
0
0
0
26
36
51
85
361
0
116
0
155
0
88
0
0
0
0
0
0
0
0
0
0
62
0
0
0
0
0
13
60
0
0
0
44
5
0
0
0
106
17
48
0
0
29
0
0
0
14
10
0
0
0
0
0
103
0
0
0
0
0
0
189
0
0
0
0
0
100
0
0
0
213
0
0
25
257
0
0
0
0
0
0
0
0
8
0
39
0
0
261
93
96
90
0
158
4
155
148
281
115
30
88
48
0
0
123
44
0
0
77
0
291
0
0
0
0
0
109
151
0
0
9
0
0
35
0
0
0
0
0
0
0
106
19
0
0
25
0
45
0
9
147
0
276
0
75
0
0
0
0
60
0
0
0
26
0
0
0
0
0
0
0
0
21
0
0
85
33
0
0
312
0
229
0
0
176
0
37
0
116
0
237
0
0
0
0
0
39
0
0
4
29
74
5
0
161
0
0
114
0
173
0
56
0
1
0
0
21
0
0
0
233
24
0
0
0
0
0
82
9
61
38
0
0
0
0
67
0
0
35
135
0
0
22
74
67
287
45
83
0
0
95
0
0
0
0
0
0
0
80
0
0
0
0
0
0
72
47
0
0
0
0
0
0
37
0
0
0
0
8
0
0
218
0
0
213
22
34
615
450
21
224
0
494
0
0
0
0
0
0
37
162
82
43
1
0
0
0
220
0
0
183
7
189
0
0
148
0
112
0
0
0
0
0
86
8
0
0
0
0
0
0
0
0
58
0
0
61
0
0
0
0
0
0
0
0
87
0
0
0
0
0
0
0
0
0
49
0
149
368
0
0
0
0
41
0
102
0
181
0
20
0
0
0
148
0
89
0
0
0
0
0
0
183
0
0
0
0
129
0
0
0
0
0
0
345
0
0
241
0
490
0
0
108
0
0
0
0
251
4
0
0
35
264
0
0
0
0
0
0
103
0
0
0
0
56
0
0
0
104
0
0
19
0
0
0
0
0
0
0
0
109
126
0
137
0
71
0
0
26
139
0
96
0
0
0
0
0
0
577
140
0
0
82
0
0
103
0
13
0
0
0
0
0
0
122
0
0
0
0
0
397
0
5
0
0
0
0
137
0
0
0
112
0
0
0
19
0
239
0
0
0
0
0
0
14
0
0
0
15
38
116
0
0
42
234
0
47
0
0
22
0
0
0
0
0
0
0
0
40
0
0
0
0
0
36
0
0
0
0
131
0
105
0
0
0
0
45
0
86
0
0
18
0
0
0
0
0
0
65
0
84
0
0
0
9
0
77
0
0
0
105
0
0
60
0
0
0
0
34
0
0
294
0
0
158
0
0
0
0
0
598
0
0
0
0
0
0
0
0
0
407
0
0
0
0
300
0
0
0
40
0
0
196
0
0
0
0
0
0
114
0
0
0
0
19
95
142
0
0
0
0
0
0
0
0
0
0
0
280
0
0
0
0
0
37
0
21
70
0
0
0
0
0
172
0
0
0
74
0
0
21
0
0
402
132
0
1095
0
82
0
0
0
0
0
308
67
0
0
0
0
0
0
0
47
0
0
0
0
0
0
0
0
0
0
0
225
0
0
252
0
0
0
0
0
0
0
0
0
0
60
0
0
0
0
0
307
0
0
0
0
0
131
196
0
55
677
0
0
0
0
320
0
0
0
0
0
0
0
0
0
0
226
0
0
0
0
24
0
0
0
0
140
0
0
0
0
0
0
0
0
141
446
0
0
0
0
0
473
0
0
0
0
0
0
294
0
0
0
146
0
0
0
0
0
0
0
0
0
0
0
312
0
0
0
0
748
0
298
0
0
0
0
429
0
250
0
0
0
0
164
48
0
0
0
30
0
251
0
857
0
0
143
0
0
1
0
0
0
0
0
0
0
109
0
0
0
355
0
0
0
0
0
0
0
0
0
324
0
0
0
0
58
0
0
43
0
0
0
0
66
675
0
0
149
0
0
225
0
0
0
0
0
146
0
234
0
0
0
136
0
0
0
0
0
0
397
0
0
0
0
0
228
0
0
0
210
0
44
0
0
0
0
121
