0
0
0
0
0
0
0
0
0
0
0
0
0
0
0
0
0
0
0
0
0
0
0
0
0
0
0
0
0
0
0
0
0
0
0
0
0
0
0
0
0
0
0
0
0
0
0
0
0
0
0
0
0
0
0
0
0
0
0
0
0
0
0
0
0
0
0
0
0
0
0
0
0
0
0
0
0
0
0
0
0
0
0
0
0
0
0
0
0
0
0
0
0
0
0
0
0
0
0
0
0
0
0
0
0
0
0
0
0
0
0
0
0
0
0
0
0
0
0
0
0
0
0
0
0
0
0
0
0
0
0
0
0
0
0
0
0
0
0
0
0
0
0
0
0
0
0
0
0
0
0
0
0
0
0
0
0
0
0
0
0
0
0
0
0
0
0
0
0
0
0
0
0
0
0
0
0
0
0
0
0
0
0
0
0
0
0
0
0
0
0
0
0
0
0
0
0
0
0
0
0
0
0
0
0
0
0
0
0
0
0
0
0
0
0
0
0
0
0
0
0
0
0
0
0
0
0
0
0
0
0
0
0
0
0
0
0
0
0
0
0
0
0
0
0
0
0
0
0
0
0
0
0
0
0
0
0
0
0
0
0
0
0
0
0
0
0
0
0
0
0
0
0
0
0
0
0
0
0
0
0
0
0
0
0
0
0
0
0
0
0
0
0
0
0
0
0
0
0
0
0
0
0
0
0
0
0
0
0
0
0
0
0
0
0
0
0
0
0
0
0
0
0
0
0
0
0
0
0
0
0
0
0
0
0
0
0
0
0
0
0
0
0
0
0
0
0
0
0
0
0
0
0
0
0
0
0
0
0
0
0
0
0
0
0
0
0
0
0
0
0
0
0
0
6
7
95
161
488
813
945
1385
2188
2294
4035
3900
5726
6851
9615
14228
17754
23612
29581
35554
43740
53418
61256
72803
89167
107678
128999
149110
175598
208975
236879
267974
295101
321416
344181
372260
384398
397784
418320
430663
423532
416436
418628
401274
389499
363524
348591
324864
305390
278922
252520
223463
193245
165855
137068
120712
99418
81882
68357
53072
42454
33302
25972
19286
14531
12929
7761
5753
3859
3016
1458
882
811
597
291
293
77
222
114
157
238
132
142
464
137
200
264
81
4
33
55
125
79
63
0
7
8
48
0
91
108
0
41
46
9
34
52
68
16
48
207
49
6
7
2
0
20
0
53
30
32
69
32
3
65
0
49
46
43
64
98
60
100
73
186
23
30
0
3
19
2
26
20
63
3
33
7
22
54
7
29
7
0
12
40
20
54
8
54
101
60
26
35
3
32
15
52
36
2
25
2
1
3
30
59
33
59
64
41
34
20
6
61
237
94
50
0
17
0
31
59
30
58
67
0
55
40
42
37
70
148
58
0
57
2
78
145
4
48
87
145
0
25
71
240
176
182
30
0
59
49
95
128
53
68
77
24
9
47
41
0
10
3
0
28
4
78
77
51
0
1
44
146
30
153
40
86
9
6
29
0
109
40
1
0
9
144
45
32
40
0
1
0
57
2
75
147
60
26
20
1
118
0
222
90
75
0
154
0
36
0
85
213
232
0
27
4
0
37
0
2
0
2
0
71
8
161
0
114
1
250
0
177
32
0
48
9
52
9
67
121
0
55
0
19
0
26
72
13
5
38
0
89
0
176
118
12
51
0
32
41
0
193
286
175
60
56
0
3
0
442
117
0
197
59
0
22
0
108
118
142
272
0
86
22
0
21
4
43
1
31
0
97
87
0
313
0
64
190
79
103
178
94
20
92
0
39
0
8
0
86
0
58
61
0
87
0
3
49
341
145
69
102
0
82
119
0
38
199
52
217
0
43
241
13
213
132
365
112
0
108
0
251
0
243
56
4
0
103
0
160
0
19
0
109
0
71
0
86
0
137
40
121
0
44
0
96
0
258
319
140
0
82
0
103
0
13
122
0
378
24
0
71
0
66
0
112
0
19
239
14
0
38
15
116
276
0
47
22
40
0
36
0
131
0
105
0
45
104
0
149
0
9
77
0
105
60
0
78
0
216
34
0
158
0
227
0
303
68
0
407
0
300
182
0
14
0
40
0
114
0
16
3
0
142
0
95
0
280
0
37
21
0
70
0
172
95
0
68
0
26
86
276
82
0
402
45
0
726
0
308
0
67
0
47
225
0
252
60
0
307
131
196
55
0
677
320
0
226
0
14
10
0
140
0
587
0
473
0
294
0
146
0
312
0
298
748
99
330
0
250
0
212
0
30
0
251
0
857
0
143
0
1
0
109
0
355
0
324
0
58
0
43
0
66
675
0
149
0
225
0
146
0
234
0
136
0
397
0
228
0
210
0
44
0
121
