4165746078
0
1122273745
0
711176061
0
457734595
0
333123108
0
253328314
0
202694323
0
166505037
0
141237175
0
120228606
0
104400223
0
91203758
0
80764645
0
72605425
0
65803992
0
59551746
0
54461337
0
50260736
0
46456492
0
43002708
0
39688031
0
37086748
0
34795750
0
32758435
0
30670102
0
29169305
0
27470362
0
25917895
0
24714277
0
23419516
0
22426916
0
21352853
0
20379550
0
19505936
0
18613013
0
17900125
0
17294141
0
16788788
0
16112047
0
15455418
0
14767575
0
14422413
0
13866192
0
13259296
0
12952270
0
12236507
0
12021245
0
11764119
0
11469404
0
11147663
0
10714382
0
10436818
0
10237973
0
10050571
0
9675638
0
9420289
0
9302106
0
8982023
0
8735196
0
8538000
0
8447082
0
8069002
0
7873311
0
7710462
0
7503972
0
7529702
0
7301891
0
7131361
0
7029325
0
6754300
0
6646874
0
6463772
0
6370517
0
6357552
0
6168725
0
6058609
0
6000688
0
5871882
0
5648378
0
5525039
0
5502397
0
5338804
0
5287395
0
5173320
0
5177502
0
5075753
0
4990510
0
4985995
0
4774213
0
4754137
0
4664563
0
4537890
0
4461252
0
4425523
0
4330494
0
4289626
0
4210337
0
4110306
0
4005918
0
3933657
0
3825808
0
3853881
0
3840493
0
3710549
0
3691764
0
3579383
0
3593033
0
3470541
0
3574861
0
3547836
0
3374711
0
3368084
0
3339192
0
3299374
0
3304740
0
3209163
0
3216350
0
3258307
0
3177376
0
3156829
0
3104875
0
3097318
0
3046171
0
2999631
0
2994363
0
2894990
0
2903081
0
2892182
0
2872587
0
2838516
0
2863808
0
2874717
0
2714191
0
2766987
0
2705316
0
2703066
0
2708015
0
2612484
0
2609788
0
2533982
0
2570160
0
2514551
0
2467029
0
2428017
0
2451102
0
2463473
0
2369044
0
2307995
0
2291183
0
2353445
0
2257092
0
2202316
0
2224621
0
2248549
0
2197233
0
2275817
0
2249849
0
2128298
0
2084163
0
2095829
0
1992656
0
1954521
0
1974528
0
1961665
0
1968919
0
1905918
0
1862186
0
1896802
0
1877012
0
1920517
0
1850708
0
1910437
0
1796028
0
1764493
0
1809206
0
1869926
0
1826407
0
1831638
0
1801859
0
1840168
0
1788196
0
1803072
0
1738843
0
1804975
0
1726498
0
1741869
0
1709479
0
1700477
0
1647715
0
1695218
0
1643080
0
1643690
0
1611925
0
1633308
0
1533911
0
1578307
0
1621051
0
1614829
0
1545763
0
1596793
0
1559583
0
1577512
0
1509063
0
1457471
0
1484490
0
1467464
0
1473136
0
1427439
0
1493392
0
1410720
0
1394847
0
1383128
0
1410334
0
1369102
0
1373418
0
1344706
0
1336245
0
1330751
0
1308571
0
1336718
0
1322956
0
1264476
0
1290309
0
1218927
0
1276770
0
1258252
0
1255865
0
1254202
0
1194568
0
1183081
0
1139329
0
1143843
0
1207450
0
1169361
0
1177963
0
1149022
0
1111093
0
1145168
0
1154822
0
1147768
0
1154592
0
1127341
0
1112565
0
1106856
0
1101397
0
1109788
0
1117926
0
1141082
0
1092732
0
1044468
0
1053529
0
1025763
0
1045369
0
1046578
0
1046196
0
1057912
0
1045819
0
1060157
0
1039722
0
1010294
0
1086883
0
1063991
0
1014932
0
1031325
0
1033008
0
1059747
0
1046737
0
1033851
0
1032713
0
1012549
0
1059501
0
1009970
0
1040964
0
1031394
0
1023004
0
975175
0
1037985
0
1021483
0
1011124
0
952014
0
978668
0
995725
0
1010193
0
967587
0
937645
0
957341
0
948959
0
925465
0
926196
0
899715
0
922566
0
918786
0
876477
0
894041
0
893172
0
887089
0
874696
0
883651
0
880768
0
862279
0
848492
0
839628
0
880621
0
840778
0
856102
0
825895
0
798761
0
780385
0
834790
0
813419
0
817729
0
825247
0
787636
0
794498
0
800273
0
800977
0
786492
0
781599
0
775109
0
801732
0
834215
0
791756
0
810447
0
795027
0
799086
0
744344
0
798087
0
802146
0
794158
0
788431
0
776870
0
794749
0
799816
0
769731
0
761117
0
737233
0
750141
0
764163
0
752560
0
749763
0
754922
0
740767
0
735258
0
730698
0
686658
0
669203
0
668297
0
680139
0
666709
0
675125
0
689762
0
664463
0
698252
0
700854
0
698723
0
673391
0
668706
0
684622
0
667340
0
653182
0
657107
0
640085
0
651201
0
650475
0
662285
0
654509
0
672636
0
642458
0
646547
0
660809
0
659217
0
671400
0
657191
0
665853
0
685449
0
681072
0
635875
0
623691
0
661003
0
637100
0
622328
0
606398
0
610078
0
632361
0
637250
0
623600
0
652824
0
660379
0
660573
0
635513
0
613299
0
621013
0
580357
0
567890
0
587036
0
601311
0
608013
0
618963
0
628172
0
606680
0
628469
0
577784
0
594653
0
592941
0
590064
0
561558
0
572842
0
560974
0
552975
0
526775
0
535899
0
561392
0
546509
0
565873
0
535499
0
506558
0
510764
0
520975
0
521018
0
517998
0
529361
0
554099
0
549358
0
522666
0
516211
0
525038
0
509043
0
510539
0
504139
0
504421
0
491840
0
498260
0
504444
0
477723
0
477234
0
518004
0
511337
0
522581
0
505228
0
545845
0
494570
0
498289
0
506058
0
511782
0
519180
0
542660
0
497695
0
495136
0
539733
0
515284
0
528776
0
524225
0
501590
0
498802
0
490297
0
485431
0
477827
0
490870
0
496134
0
488452
0
482707
0
478449
0
501424
0
481428
0
482400
0
476522
0
491951
0
510767
0
494122
0
493752
0
462726
0
480325
0
500034
0
511233
0
461382
0
497317
0
468026
0
500466
0
493255
0
502612
0
459641
0
464271
0
440777
0
481497
0
462543
0
483609
0
466276
0
495387
0
491573
0
495154
0
487876
0
490220
0
508771
0
517717
0
510922
0
504798
0
488988
0
489913
0
469845
0
491468
0
486877
0
495830
0
495679
0
491665
0
498823
0
516466
0
502943
0
490924
0
501430
0
499732
0
452663
0
478636
0
472403
0
507814
0
494926
0
482329
0
445980
0
464905
0
474933
0
485328
0
501519
0
494938
0
483859
0
484891
0
475749
0
478260
0
479092
0
469528
0
482905
0
491843
0
480623
0
495444
0
491753
0
485299
0
465397
0
470333
0
461429
0
459312
0
470118
0
459941
0
485864
0
485785
0
477788
0
497958
0
463471
0
476844
0
475453
0
475086
0
475345
0
456195
0
439391
0
436674
0
432252
0
440222
0
432373
0
461411
0
452473
0
478065
0
478484
0
467364
0
452957
0
463721
0
496612
0
492070
0
460298
0
463478
0
456028
0
453209
0
451027
0
465843
0
436216
0
450098
0
434161
0
441908
0
425155
0
450264
0
419561
0
432933
0
441662
0
432841
0
442448
0
428486
0
449032
0
428258
0
421031
0
444344
0
450476
0
438832
0
462854
0
490870
0
474404
0
444869
0
439954
0
433448
0
434751
0
451505
0
440827
0
437714
0
458056
0
445750
0
432889
0
437769
0
442948
0
420519
0
431157
0
418406
0
420090
0
430171
0
429073
0
430440
0
422639
0
430675
0
421588
0
422343
0
408490
0
437660
0
417666
0
406544
0
409319
0
430917
0
401849
0
391586
0
403142
0
397277
0
426261
0
437678
0
404602
0
412511
0
397172
0
383623
0
410565
0
375601
0
410317
0
394081
0
407931
0
411417
0
391454
0
401911
0
410441
0
394438
0
403480
0
371669
0
375324
0
367325
0
367967
0
376549
0
367591
0
387747
0
402183
0
363075
0
370208
0
358366
0
370007
0
367566
0
359380
0
375730
0
384534
0
397023
0
368335
0
387298
0
395030
0
367904
0
360486
0
354171
0
365578
0
356644
0
355834
0
368730
0
398957
0
371685
0
366025
0
393882
0
371467
0
366430
0
368784
0
382892
0
348725
0
362875
0
357399
0
352717
0
355076
0
367605
0
371218
0
362111
0
364623
0
356333
0
355867
0
341831
0
345378
0
363379
0
356749
0
377260
0
351323
0
381327
0
360442
0
369177
0
378573
0
377936
0
400223
0
400259
0
380434
0
375738
0
381279
0
366389
0
377475
0
390444
0
388418
0
387378
0
387958
0
379879
0
379611
0
404072
0
412883
0
394383
0
375362
0
378965
0
386489
0
363828
0
373289
0
376824
0
364674
0
380716
0
372742
0
340632
0
362817
0
344636
0
356168
0
343078
0
353430
0
355238
0
366127
0
359613
0
364111
0
348514
0
350680
0
374515
0
372185
0
353262
0
347616
0
350853
0
341893
0
352523
0
373516
0
390998
0
373993
0
396534
0
395446
0
392123
0
376402
0
385976
0
372978
0
369059
0
359612
0
334206
0
360427
0
374106
0
393334
0
357660
0
366753
0
363340
0
346332
0
347556
0
377681
0
375696
0
347054
0
377308
0
358685
0
353663
0
356249
0
353996
0
370993
0
357844
0
358960
0
364287
0
372065
0
358447
0
347137
0
358992
0
360037
0
356541
0
346916
0
359289
0
356125
0
352809
0
350228
0
321370
0
327913
0
325852
0
338581
0
325491
0
336827
0
339396
0
327531
0
331203
0
354606
0
322152
0
321189
0
330533
0
363304
0
359549
0
368771
0
357954
0
344868
0
361548
0
340508
0
364896
0
362243
0
359092
0
361121
0
375570
0
354217
0
375929
0
368134
0
405896
0
386518
0
423933
0
391144
0
367357
0
390564
0
387336
0
406619
0
404809
0
402688
0
405973
0
412305
0
402259
0
418588
0
421923
0
441422
0
406763
0
444725
0
421609
0
423209
0
423475
0
417237
0
443250
0
432178
0
439358
0
440398
0
444181
0
423991
0
392682
0
418393
0
410272
0
434090
0
425464
0
423889
0
406750
0
394533
0
433980
0
417070
0
407233
0
435463
0
390989
0
432990
0
422245
0
413902
0
399978
0
408143
0
391420
0
391284
0
368147
0
371656
0
395842
0
385468
0
382990
0
404128
0
399256
0
398851
0
409542
0
424713
0
461711
0
482787
0
434131
0
433741
0
439710
0
413033
0
460613
0
445754
0
424496
0
443298
0
437061
0
430330
0
429162
0
409604
0
430451
0
432146
0
422753
0
427224
0
389224
0
398073
0
424310
0
407783
0
424294
0
428973
0
423154
0
414693
0
415353
0
432919
0
447918
0
437305
0
440535
0
414671
0
425959
0
411359
0
437224
0
407481
0
410074
0
396132
0
390799
0
395937
0
424285
0
388146
0
388359
0
398895
0
406196
0
425375
0
434429
0
412479
0
408229
0
403992
0
427761
0
403480
0
409807
0
417689
0
429060
0
423244
0
435622
0
437055
0
435884
0
448075
0
499913
0
466353
0
439762
0
435680
0
430350
0
479602
0
438828
0
455533
0
476632
0
473524
0
464571
0
476538
0
498882
0
481800
0
496750
0
491422
0
495316
0
539421
0
519338
0
534230
0
528347
0
533194
0
548470
0
518494
0
573818
0
536183
0
547927
0
574191
0
589812
0
591314
0
600603
0
583458
0
560265
0
603082
0
627500
0
672160
0
668441
0
705692
0
715517
0
696104
0
768395
0
754473
0
767582
0
746885
0
729940
0
825654
0
815233
0
837447
0
841507
0
891247
0
949124
0
948723
0
1014770
0
979209
0
970001
0
1054011
0
1037315
0
1074987
0
1146279
0
1179673
0
1198846
0
1291152
0
1502993
0
1527107
0
1705920
0
1858174
0
2089460
0
2397272
0
3959683
0
