4182
0
1106
0
728
0
449
0
310
0
244
0
197
0
171
0
148
0
139
0
104
0
88
0
78
0
85
0
69
0
65
0
48
0
47
0
35
0
47
0
37
0
41
0
33
0
34
0
39
0
25
0
26
0
27
0
23
0
18
0
23
0
23
0
28
0
15
0
16
0
16
0
13
0
14
0
15
0
12
0
15
0
21
0
16
0
16
0
12
0
11
0
11
0
9
0
10
0
9
0
9
0
7
0
10
0
6
0
9
0
12
0
6
0
9
0
6
0
9
0
9
0
9
0
7
0
8
0
9
0
6
0
4
0
6
0
5
0
6
0
4
0
9
0
9
0
4
0
7
0
5
0
5
0
4
0
4
0
6
0
5
0
7
0
2
0
4
0
4
0
6
0
5
0
2
0
6
0
6
0
5
0
4
0
5
0
3
0
5
0
1
0
2
0
4
0
4
0
1
0
1
0
1
0
4
0
3
0
2
0
3
0
2
0
5
0
5
0
3
0
6
0
4
0
7
0
4
0
3
0
2
0
3
0
6
0
5
0
3
0
5
0
4
0
3
0
4
0
2
0
1
0
4
0
1
0
2
0
2
0
1
0
3
0
4
0
4
0
1
0
2
0
3
0
1
0
2
0
0
0
3
0
4
0
1
0
3
0
2
0
3
0
3
0
2
0
4
0
4
0
1
0
1
0
2
0
2
0
2
0
4
0
1
0
4
0
1
0
5
0
1
0
0
0
1
0
3
0
2
0
1
0
1
0
3
0
2
0
2
0
2
0
2
0
1
0
1
0
2
0
4
0
1
0
4
0
1
0
3
0
1
0
2
0
2
0
1
0
1
0
1
0
0
0
2
0
1
0
3
0
1
0
1
0
2
0
1
0
1
0
0
0
2
0
1
0
1
0
0
0
2
0
1
0
1
0
1
0
0
0
0
0
0
0
0
0
1
0
1
0
3
0
0
0
2
0
1
0
3
0
1
0
0
0
2
0
1
0
0
0
1
0
0
0
1
0
2
0
0
0
0
0
0
0
1
0
0
0
2
0
1
0
0
0
0
0
0
0
1
0
1
0
1
0
0
0
1
0
1
0
1
0
0
0
0
0
0
0
0
0
1
0
1
0
1
0
0
0
3
0
3
0
1
0
1
0
1
0
1
0
0
0
1
0
0
0
2
0
2
0
1
0
1
0
2
0
1
0
1
0
2
0
2
0
0
0
5
0
2
0
1
0
1
0
0
0
2
0
2
0
3
0
0
0
0
0
1
0
0
0
1
0
2
0
0
0
2
0
2
0
2
0
1
0
1
0
2
0
1
0
1
0
0
0
1
0
1
0
0
0
0
0
1
0
1
0
0
0
1
0
0
0
0
0
0
0
0
0
0
0
0
0
1
0
0
0
1
0
1
0
0
0
0
0
1
0
1
0
0
0
0
0
0
0
0
0
0
0
1
0
0
0
0
0
0
0
1
0
1
0
0
0
1
0
1
0
1
0
0
0
1
0
1
0
1
0
1
0
0
0
0
0
1
0
0
0
1
0
0
0
0
0
0
0
0
0
0
0
0
0
0
0
0
0
0
0
0
0
1
0
1
0
0
0
1
0
0
0
1
0
1
0
0
0
2
0
1
0
2
0
2
0
1
0
1
0
1
0
0
0
2
0
2
0
1
0
0
0
0
0
1
0
0
0
0
0
0
0
3
0
1
0
0
0
0
0
0
0
1
0
1
0
0
0
1
0
2
0
1
0
2
0
1
0
2
0
1
0
0
0
4
0
1
0
1
0
1
0
1
0
0
0
0
0
0
0
0
0
0
0
0
0
0
0
0
0
1
0
1
0
1
0
0
0
0
0
2
0
0
0
1
0
0
0
0
0
0
0
0
0
1
0
0
0
0
0
0
0
0
0
0
0
1
0
1
0
1
0
0
0
1
0
2
0
1
0
2
0
2
0
1
0
2
0
1
0
4
0
2
0
1
0
3
0
2
0
1
0
0
0
0
0
0
0
1
0
1
0
0
0
0
0
0
0
0
0
0
0
1
0
0
0
0
0
0
0
0
0
0
0
0
0
0
0
0
0
0
0
0
0
0
0
0
0
2
0
1
0
1
0
2
0
3
0
0
0
0
0
1
0
0
0
0
0
1
0
1
0
0
0
1
0
2
0
0
0
0
0
3
0
0
0
1
0
1
0
3
0
1
0
2
0
3
0
1
0
1
0
0
0
1
0
2
0
3
0
0
0
2
0
1
0
1
0
1
0
0
0
1
0
0
0
0
0
0
0
0
0
0
0
0
0
1
0
1
0
0
0
1
0
0
0
2
0
0
0
0
0
0
0
0
0
0
0
0
0
1
0
0
0
0
0
1
0
1
0
0
0
0
0
0
0
0
0
0
0
0
0
1
0
0
0
0
0
1
0
0
0
1
0
2
0
1
0
0
0
0
0
1
0
1
0
0
0
0
0
1
0
0
0
0
0
0
0
0
0
1
0
0
0
0
0
1
0
1
0
2
0
1
0
0
0
1
0
1
0
1
0
1
0
1
0
0
0
0
0
0
0
1
0
1
0
0
0
2
0
0
0
1
0
2
0
0
0
1
0
0
0
0
0
1
0
1
0
0
0
0
0
0
0
0
0
1
0
0
0
0
0
1
0
2
0
2
0
1
0
0
0
1
0
0
0
0
0
0
0
1
0
1
0
1
0
0
0
0
0
1
0
0
0
0
0
0
0
2
0
1
0
2
0
2
0
2
0
2
0
2
0
0
0
1
0
1
0
2
0
0
0
1
0
1
0
1
0
0
0
0
0
1
0
1
0
1
0
1
0
0
0
2
0
0
0
1
0
1
0
0
0
1
0
0
0
1
0
0
0
0
0
0
0
1
0
0
0
0
0
0
0
0
0
1
0
1
0
0
0
2
0
1
0
1
0
0
0
0
0
1
0
0
0
2
0
0
0
1
0
0
0
0
0
0
0
0
0
1
0
0
0
1
0
0
0
0
0
1
0
1
0
1
0
1
0
0
0
1
0
1
0
1
0
1
0
1
0
2
0
1
0
3
0
1
0
1
0
1
0
1
0
0
0
2
0
0
0
0
0
0
0
0
0
0
0
0
0
1
0
0
0
0
0
1
0
0
0
0
0
1
0
0
0
1
0
1
0
2
0
1
0
1
0
2
0
0
0
1
0
0
0
1
0
2
0
0
0
0
0
0
0
0
0
1
0
1
0
0
0
1
0
0
0
0
0
0
0
0
0
0
0
0
0
0
0
0
0
1
0
2
0
1
0
0
0
1
0
0
0
0
0
0
0
1
0
1
0
0
0
0
0
0
0
1
0
0
0
0
0
2
0
1
0
1
0
1
0
0
0
1
0
0
0
1
0
0
0
1
0
0
0
1
0
0
0
0
0
1
0
0
0
0
0
0
0
0
0
0
0
0
0
0
0
0
0
0
0
1
0
0
0
1
0
2
0
0
0
0
0
1
0
0
0
1
0
0
0
0
0
2
0
1
0
0
0
1
0
0
0
2
0
0
0
1
0
1
0
1
0
1
0
2
0
2
0
1
0
1
0
0
0
3
0
1
0
1
0
0
0
1
0
1
0
1
0
0
0
0
0
0
0
1
0
0
0
1
0
1
0
2
0
1
0
0
0
1
0
0
0
1
0
0
0
0
0
0
0
0
0
1
0
0
0
0
0
0
0
0
0
0
0
0
0
0
0
1
0
1
0
1
0
0
0
0
0
2
0
0
0
1
0
1
0
1
0
1
0
0
0
1
0
0
0
0
0
0
0
0
0
0
0
1
0
0
0
1
0
1
0
0
0
0
0
0
0
1
0
0
0
1
0
0
0
1
0
1
0
0
0
1
0
0
0
1
0
0
0
0
0
0
0
0
0
0
0
0
0
0
0
0
0
0
0
0
0
0
0
0
0
0
0
0
0
0
0
0
0
0
0
0
0
0
0
0
0
0
0
1
0
0
0
0
0
0
0
0
0
0
0
0
0
0
0
0
0
0
0
0
0
0
0
0
0
0
0
0
0
0
0
0
0
0
0
1
0
0
0
0
0
1
0
0
0
0
0
0
0
0
0
0
0
0
0
0
0
0
0
0
0
0
0
0
0
0
0
0
0
0
0
0
0
0
0
0
0
1
0
0
0
1
0
0
0
2
0
2
0
3
0
1
0
0
0
2
0
1
0
1
0
1
0
1
0
1
0
1
0
0
0
1
0
0
0
1
0
1
0
1
0
1
0
0
0
0
0
0
0
0
0
0
0
0
0
0
0
1
0
0
0
1
0
0
0
0
0
0
0
0
0
1
0
0
0
0
0
0
0
1
0
1
0
0
0
0
0
0
0
0
0
0
0
1
0
0
0
0
0
0
0
0
0
1
0
1
0
0
0
1
0
1
0
1
0
2
0
0
0
2
0
2
0
1
0
2
0
2
0
3
0
2
0
2
0
2
0
0
0
2
0
1
0
1
0
1
0
1
0
0
0
1
0
0
0
0
0
2
0
6
0
2
0
4
0
