4154742384
0
1122266248
0
717574285
0
458273444
0
335001134
0
255651973
0
203788143
0
166044250
0
140260413
0
120040550
0
103994330
0
91866631
0
81089713
0
72996679
0
65957733
0
60116473
0
54039729
0
49897879
0
46044935
0
42441724
0
39718554
0
37539518
0
34951516
0
32662432
0
30515406
0
28907669
0
27268186
0
25934991
0
24572996
0
23668743
0
22519117
0
21311331
0
20687482
0
19594487
0
18861245
0
17934650
0
17081714
0
16394498
0
15836696
0
15498171
0
14792790
0
14452431
0
13957952
0
13636897
0
13065002
0
12636410
0
12204694
0
11692974
0
11508395
0
11152338
0
10825634
0
10461077
0
10246466
0
9834161
0
9606247
0
9391851
0
9235169
0
8942154
0
8826167
0
8453483
0
8361280
0
8186590
0
7987975
0
7652718
0
7467905
0
7364031
0
7319790
0
6952050
0
6899373
0
6828506
0
6812173
0
6835682
0
6561459
0
6516425
0
6230488
0
6129598
0
5936314
0
5706802
0
5586312
0
5465844
0
5449882
0
5390822
0
5283816
0
5140762
0
5035692
0
4899033
0
4785556
0
4734845
0
4708852
0
4652391
0
4501931
0
4465880
0
4442536
0
4300408
0
4279675
0
4247666
0
4192879
0
4128668
0
4112846
0
4080531
0
3983002
0
3955846
0
3938776
0
3815399
0
3688412
0
3725169
0
3637939
0
3585163
0
3535917
0
3487938
0
3450079
0
3475140
0
3419880
0
3309430
0
3313520
0
3183588
0
3232441
0
3171049
0
3186376
0
3090904
0
3127529
0
3019368
0
2981716
0
2921498
0
2971817
0
2919540
0
2806712
0
2840851
0
2798333
0
2747281
0
2717030
0
2734091
0
2692916
0
2609667
0
2558695
0
2565622
0
2626150
0
2518286
0
2478006
0
2454590
0
2513195
0
2374387
0
2375525
0
2352871
0
2412161
0
2345784
0
2250448
0
2331914
0
2246928
0
2272791
0
2230967
0
2252381
0
2193447
0
2205492
0
2121101
0
2115499
0
2087179
0
2038614
0
2140771
0
2057864
0
2042471
0
2030323
0
2047226
0
2048535
0
2052375
0
2077565
0
2040661
0
2060661
0
2080815
0
1992580
0
1957551
0
1962117
0
1875168
0
1862831
0
1807412
0
1844546
0
1822994
0
1799347
0
1758490
0
1734316
0
1675919
0
1663736
0
1680325
0
1631821
0
1684877
0
1659522
0
1621820
0
1626605
0
1660010
0
1649317
0
1630769
0
1656134
0
1713665
0
1639505
0
1611706
0
1601262
0
1649361
0
1633832
0
1637094
0
1624163
0
1644930
0
1608126
0
1546737
0
1592800
0
1499633
0
1545684
0
1501306
0
1492810
0
1502696
0
1440560
0
1441879
0
1391002
0
1397387
0
1400626
0
1472186
0
1419162
0
1439090
0
1461201
0
1437037
0
1463318
0
1419516
0
1441037
0
1431791
0
1451205
0
1376024
0
1393789
0
1345152
0
1385676
0
1353516
0
1405425
0
1268551
0
1270638
0
1265988
0
1285542
0
1261864
0
1258399
0
1242981
0
1244305
0
1221838
0
1229674
0
1246967
0
1211538
0
1234955
0
1218511
0
1249815
0
1240545
0
1247920
0
1193699
0
1172850
0
1140679
0
1158893
0
1180175
0
1149901
0
1139007
0
1157164
0
1167826
0
1144544
0
1132391
0
1081786
0
1112956
0
1093883
0
1113964
0
1097540
0
1084707
0
1043638
0
1058815
0
1050606
0
1018339
0
1036742
0
1032277
0
995446
0
1001417
0
1007014
0
1037329
0
1036320
0
1032055
0
996152
0
1003234
0
1026179
0
975514
0
980230
0
962959
0
964182
0
938907
0
929459
0
914468
0
912896
0
934762
0
917474
0
880058
0
922118
0
933727
0
921356
0
882697
0
891609
0
864931
0
890914
0
881489
0
892518
0
903177
0
942697
0
905319
0
887035
0
838502
0
851145
0
837262
0
853001
0
846410
0
831247
0
840417
0
854246
0
828772
0
813840
0
848305
0
831829
0
861307
0
790268
0
812873
0
788036
0
799837
0
763205
0
790028
0
805540
0
786298
0
781660
0
788181
0
767964
0
765942
0
784129
0
812807
0
766979
0
732027
0
746001
0
743029
0
750702
0
752573
0
725179
0
735565
0
733778
0
698948
0
688878
0
682855
0
665526
0
651629
0
673060
0
671574
0
663151
0
689353
0
673624
0
684599
0
662964
0
675079
0
653492
0
644868
0
669898
0
686321
0
650734
0
648724
0
669927
0
671922
0
671157
0
640070
0
644826
0
659024
0
637236
0
631973
0
619616
0
616930
0
605907
0
641235
0
614970
0
618911
0
614794
0
642812
0
635928
0
602495
0
603760
0
591067
0
578839
0
589339
0
602682
0
586485
0
587302
0
591972
0
590181
0
580733
0
573459
0
581208
0
591073
0
587791
0
585385
0
607707
0
584332
0
596545
0
608903
0
578107
0
598939
0
572898
0
595583
0
581463
0
590836
0
577674
0
565226
0
558662
0
532769
0
540085
0
536758
0
538257
0
500610
0
518839
0
493374
0
522379
0
519723
0
513693
0
523145
0
515165
0
514167
0
523384
0
521407
0
524082
0
542327
0
542814
0
540604
0
552853
0
517002
0
527821
0
544787
0
538576
0
518998
0
515156
0
535600
0
527465
0
537149
0
531951
0
526783
0
540796
0
525750
0
525508
0
540122
0
524902
0
563852
0
546798
0
534654
0
534239
0
540239
0
547099
0
563052
0
538224
0
537760
0
540591
0
548766
0
539387
0
526747
0
521480
0
509024
0
513132
0
510266
0
507568
0
525742
0
519635
0
529528
0
520742
0
547904
0
504974
0
533574
0
524888
0
510265
0
519742
0
502204
0
485962
0
502200
0
505230
0
501048
0
482589
0
482418
0
461597
0
471510
0
496690
0
477516
0
476780
0
476087
0
503058
0
485479
0
480146
0
482409
0
484579
0
504356
0
516673
0
494087
0
501205
0
465493
0
468974
0
474456
0
505822
0
486850
0
495499
0
497028
0
476138
0
476955
0
506363
0
488041
0
471571
0
479131
0
488974
0
463344
0
466406
0
446954
0
459224
0
434801
0
444580
0
453643
0
454215
0
454464
0
441189
0
417760
0
414547
0
422892
0
419178
0
422507
0
429830
0
453689
0
455258
0
448910
0
424067
0
455182
0
454477
0
466241
0
459714
0
458532
0
487654
0
482522
0
453670
0
471976
0
456037
0
457923
0
436636
0
438617
0
431810
0
436275
0
425888
0
432081
0
440362
0
450480
0
413307
0
423918
0
407938
0
391765
0
398194
0
417724
0
410575
0
416050
0
403014
0
393027
0
393727
0
392898
0
403700
0
381594
0
395037
0
410123
0
407362
0
398027
0
399447
0
393817
0
391196
0
388057
0
401095
0
385745
0
381180
0
382324
0
379220
0
384060
0
384737
0
367611
0
358056
0
350756
0
383095
0
377500
0
377332
0
403760
0
418459
0
406809
0
442262
0
430621
0
439540
0
445367
0
407992
0
395242
0
407588
0
412947
0
422321
0
430690
0
430404
0
416130
0
427236
0
420570
0
400239
0
398958
0
412699
0
403160
0
414337
0
391544
0
400062
0
395775
0
382151
0
411499
0
404664
0
400258
0
387587
0
387394
0
391597
0
392898
0
389470
0
373024
0
390725
0
395322
0
403146
0
406771
0
388308
0
380981
0
375625
0
374667
0
388449
0
389116
0
383548
0
393475
0
384629
0
389994
0
417264
0
403578
0
412129
0
435385
0
424825
0
403773
0
427213
0
430278
0
416825
0
422828
0
418004
0
416035
0
414113
0
394118
0
387996
0
387414
0
397813
0
418291
0
423395
0
419096
0
396424
0
373093
0
390410
0
421156
0
393408
0
396926
0
384735
0
382594
0
368377
0
380484
0
396502
0
390283
0
363015
0
366016
0
367580
0
357743
0
345225
0
354999
0
354973
0
338503
0
365559
0
356135
0
358365
0
362404
0
365186
0
334779
0
321300
0
329106
0
348020
0
322624
0
329006
0
317220
0
333405
0
347825
0
354821
0
344308
0
357351
0
369883
0
364528
0
366411
0
377578
0
372743
0
356142
0
334652
0
360663
0
336806
0
355459
0
337244
0
354557
0
354005
0
342665
0
336431
0
321464
0
322156
0
350548
0
317441
0
335030
0
348405
0
351611
0
358965
0
372601
0
375376
0
343825
0
368907
0
359061
0
349287
0
363256
0
351349
0
317387
0
353789
0
349349
0
344249
0
317868
0
332767
0
315760
0
330925
0
325408
0
349053
0
327883
0
342192
0
332555
0
350685
0
353018
0
368576
0
357653
0
358362
0
365883
0
328452
0
344160
0
329290
0
355638
0
368750
0
376189
0
357258
0
367851
0
337508
0
352950
0
356535
0
352547
0
361646
0
355647
0
368801
0
363326
0
365989
0
405998
0
385908
0
390215
0
373157
0
364844
0
401610
0
405243
0
378558
0
387125
0
381595
0
364381
0
357522
0
383934
0
378064
0
363725
0
370261
0
372826
0
383024
0
388359
0
366935
0
385519
0
361621
0
334156
0
350075
0
355064
0
353806
0
353891
0
350196
0
331821
0
351016
0
339037
0
361382
0
347285
0
359317
0
360472
0
351120
0
372642
0
364548
0
350501
0
369097
0
373514
0
401728
0
365676
0
373079
0
373802
0
382548
0
374634
0
364327
0
355864
0
376703
0
378755
0
373378
0
378631
0
378577
0
371382
0
379130
0
353940
0
347640
0
372045
0
388836
0
377272
0
382181
0
387986
0
393418
0
401877
0
381156
0
366921
0
368539
0
343159
0
362101
0
361563
0
387759
0
352443
0
394477
0
374793
0
365486
0
365927
0
383808
0
390532
0
372063
0
393677
0
390091
0
364676
0
367476
0
373927
0
374476
0
367614
0
370942
0
365460
0
380529
0
378967
0
369197
0
373391
0
374837
0
358952
0
382019
0
403705
0
398417
0
407245
0
383430
0
378676
0
413053
0
386883
0
401191
0
388085
0
398600
0
414485
0
396224
0
416217
0
402356
0
442759
0
450632
0
449229
0
456218
0
442246
0
431521
0
437657
0
434618
0
424149
0
413567
0
422404
0
418087
0
402201
0
400988
0
410455
0
404202
0
423137
0
382267
0
387699
0
408061
0
407650
0
411081
0
432450
0
450202
0
433358
0
440305
0
436722
0
422543
0
407051
0
418273
0
435772
0
421064
0
447424
0
420492
0
449629
0
440904
0
428690
0
448961
0
451391
0
450341
0
450948
0
455454
0
473073
0
464759
0
464530
0
464465
0
447937
0
445323
0
443882
0
455477
0
483355
0
429828
0
439458
0
404391
0
429398
0
436889
0
460640
0
449217
0
433812
0
452584
0
484660
0
499261
0
474010
0
450979
0
450114
0
423833
0
486545
0
468670
0
456757
0
482586
0
478895
0
508506
0
486381
0
517469
0
526775
0
511620
0
556408
0
536195
0
507453
0
519172
0
522483
0
503766
0
512363
0
512073
0
527259
0
569863
0
555748
0
550444
0
592463
0
560029
0
596197
0
611705
0
623657
0
617773
0
646663
0
632320
0
650474
0
657404
0
621502
0
685619
0
635348
0
630845
0
665005
0
658970
0
656918
0
667811
0
672148
0
661965
0
725706
0
770153
0
740269
0
760858
0
795344
0
819823
0
775605
0
733443
0
821035
0
851117
0
816992
0
879081
0
878064
0
951370
0
965116
0
966671
0
967987
0
936630
0
1066322
0
1081140
0
1144343
0
1244025
0
1219747
0
1389837
0
1506340
0
1574304
0
1751267
0
1797147
0
2009115
0
2357997
0
4084062
0
