0
0
0
0
0
0
0
0
0
0
0
0
0
0
0
0
0
0
0
0
0
0
0
0
0
0
0
0
0
0
0
0
0
0
0
0
0
0
0
0
0
0
0
0
0
0
0
0
0
0
0
0
0
0
0
0
0
0
0
0
0
0
0
0
0
0
0
0
0
0
0
0
0
0
0
0
0
0
0
0
0
0
0
0
0
0
0
0
0
0
0
0
0
0
0
0
0
0
0
0
0
0
0
0
0
0
0
0
0
0
0
0
0
0
0
0
0
0
0
0
0
0
0
0
0
0
0
0
0
0
0
0
0
0
0
0
0
0
0
0
0
0
0
0
0
0
0
0
0
0
0
0
0
0
0
0
0
0
0
0
0
0
0
0
0
0
0
0
0
0
0
0
0
0
0
0
0
0
0
0
0
0
0
0
0
0
0
0
0
0
0
0
0
0
0
0
0
0
0
0
0
0
0
0
0
0
0
0
0
0
0
0
0
0
0
0
0
0
0
0
0
0
0
0
0
0
0
0
0
0
0
0
0
0
0
0
0
0
0
0
0
0
0
0
0
0
0
0
0
0
0
0
0
0
0
0
0
0
0
0
0
0
0
0
0
0
0
0
0
0
0
0
0
0
0
0
0
0
0
0
0
0
0
0
0
0
0
0
0
0
0
0
0
0
0
0
0
0
0
0
0
0
0
0
0
0
0
0
0
0
0
0
0
0
0
0
0
0
0
0
0
0
0
0
0
0
0
0
0
0
0
0
0
0
0
0
0
0
0
0
0
0
0
0
0
0
0
0
0
0
0
0
0
0
0
0
0
0
0
0
0
0
0
0
0
0
0
0
0
0
0
0
0
0
0
0
0
0
47
62
109
262
579
1394
1937
3149
4527
5645
8607
11833
15484
19294
23432
30653
41826
49847
65125
78879
93218
106463
123019
147731
166983
194381
221191
247370
276074
306941
337835
360850
380493
404389
422954
430003
439389
439497
431660
421074
395243
379257
352890
332084
311662
279829
248604
224341
193006
167909
147303
126743
106703
90074
72701
58650
45266
36624
27962
21140
18475
11963
9841
7867
5886
4065
2378
1387
986
443
445
187
216
217
66
167
193
97
66
94
71
31
11
18
0
22
0
8
4
19
4
15
29
57
79
37
12
5
15
62
65
29
19
14
19
15
3
1
8
1
21
41
123
88
18
32
4
5
8
15
0
2
12
0
7
5
13
6
0
11
0
22
2
1
4
2
0
5
15
14
2
24
3
14
5
0
25
0
7
0
1
1
0
1
0
18
23
4
13
2
2
0
1
2
0
4
12
5
4
20
0
14
0
2
18
15
12
29
43
41
34
18
0
17
0
5
7
0
2
18
6
4
25
25
8
0
2
0
3
1
2
2
7
9
3
3
4
11
10
2
9
1
11
6
1
3
10
16
13
10
4
22
1
13
7
0
12
30
0
6
2
2
0
5
14
13
7
18
5
5
0
1
0
2
10
1
0
2
10
0
1
0
1
1
4
9
1
5
0
5
0
3
1
6
12
5
11
0
6
8
4
4
0
1
0
1
2
0
1
0
5
9
0
8
0
1
7
3
3
7
0
1
0
6
4
3
5
3
0
15
0
6
0
4
0
2
9
2
0
3
0
3
8
2
2
0
1
4
1
5
3
0
2
0
3
3
1
0
1
0
2
0
8
4
37
2
0
3
3
2
0
3
4
0
2
0
3
0
1
3
0
6
10
2
0
7
0
2
0
3
0
1
5
8
0
1
0
2
0
3
3
0
1
1
7
7
3
0
1
0
8
5
4
20
2
0
3
0
1
0
1
0
3
0
2
0
2
0
2
0
1
0
2
0
1
0
7
0
7
0
1
5
0
3
1
0
4
0
3
0
1
0
2
0
2
0
1
0
5
6
0
1
0
3
6
0
1
0
1
3
0
1
0
6
0
2
0
2
0
5
0
3
0
1
0
1
1
0
2
0
4
0
2
1
0
4
0
5
0
1
1
0
1
0
1
2
0
4
0
1
1
0
1
0
1
0
1
0
2
0
1
0
1
2
3
0
1
2
0
1
0
3
0
2
1
2
2
0
1
0
6
0
2
1
3
2
5
3
0
8
0
1
0
4
0
1
0
2
0
9
0
1
0
3
4
0
5
0
2
0
3
3
0
3
0
2
0
1
0
2
0
1
0
1
0
4
0
3
0
2
0
2
0
1
0
2
0
3
0
1
0
3
0
1
0
2
0
3
0
1
0
2
0
1
0
1
0
1
0
3
0
1
0
7
0
3
0
1
0
7
0
2
0
1
2
0
1
0
4
0
3
0
1
0
8
0
1
0
3
0
3
0
