4149466391
0
1126401224
0
714547016
0
457874624
0
332589318
0
256256074
0
203184085
0
167673965
0
140899348
0
120269826
0
104003512
0
92192730
0
81605544
0
73064960
0
65664267
0
59823504
0
54597857
0
49897715
0
46082392
0
43087357
0
39953154
0
37312797
0
35009862
0
33037515
0
30921304
0
29051449
0
27502351
0
25917905
0
24812043
0
23874731
0
22356687
0
21523857
0
20394671
0
19609369
0
18679746
0
18006511
0
17396144
0
16749222
0
16069919
0
15614805
0
14839292
0
14563328
0
14086841
0
13575184
0
13061052
0
12792023
0
12433374
0
12023849
0
11587137
0
11242771
0
10905925
0
10329561
0
10090953
0
9970838
0
9681508
0
9469170
0
9189608
0
8939892
0
8701430
0
8440078
0
8193446
0
8017049
0
7861875
0
7657681
0
7488899
0
7451717
0
7386219
0
7245912
0
6996019
0
6876792
0
6570994
0
6433003
0
6298616
0
6302213
0
6083036
0
5980605
0
5968074
0
5822061
0
5620044
0
5606776
0
5514241
0
5461670
0
5405176
0
5284156
0
5117313
0
5051514
0
4963379
0
4955896
0
4928075
0
4691912
0
4534813
0
4551789
0
4440052
0
4405685
0
4361739
0
4270486
0
4252744
0
4169393
0
4172395
0
4076847
0
4011219
0
4006382
0
3961157
0
3931588
0
3626913
0
3579730
0
3553914
0
3503217
0
3509536
0
3380102
0
3446225
0
3285049
0
3313376
0
3272757
0
3221876
0
3093654
0
3099112
0
3085348
0
3020150
0
2982471
0
2909802
0
2846962
0
2847452
0
2811157
0
2851740
0
2771482
0
2748920
0
2707509
0
2768821
0
2616172
0
2641182
0
2630364
0
2642706
0
2590846
0
2617600
0
2565568
0
2570567
0
2479624
0
2500065
0
2429993
0
2360695
0
2361741
0
2380759
0
2345397
0
2271183
0
2285494
0
2230884
0
2257812
0
2162081
0
2150850
0
2093924
0
2044216
0
2124799
0
2065033
0
2023849
0
2037872
0
2049341
0
1953492
0
1941015
0
1961085
0
1942894
0
1907054
0
1965329
0
1876479
0
1965982
0
1909662
0
1833967
0
1817902
0
1844111
0
1806432
0
1832747
0
1840981
0
1824547
0
1814303
0
1852762
0
1787022
0
1777460
0
1773252
0
1774852
0
1749805
0
1693207
0
1628441
0
1668732
0
1617939
0
1579729
0
1617233
0
1636440
0
1627034
0
1597545
0
1565797
0
1594894
0
1579136
0
1607288
0
1596427
0
1555694
0
1596784
0
1525004
0
1497363
0
1488159
0
1492655
0
1497780
0
1492736
0
1491365
0
1392635
0
1448634
0
1401587
0
1406527
0
1353904
0
1380353
0
1410873
0
1394202
0
1443852
0
1355839
0
1402473
0
1424247
0
1353029
0
1369259
0
1318557
0
1261940
0
1323051
0
1282500
0
1261491
0
1259397
0
1251321
0
1285980
0
1260202
0
1253777
0
1250537
0
1250618
0
1234380
0
1222039
0
1184632
0
1215795
0
1212172
0
1158506
0
1156984
0
1192761
0
1168449
0
1160511
0
1125911
0
1149167
0
1120039
0
1100783
0
1102251
0
1078467
0
1085099
0
1030774
0
1036106
0
1071924
0
1065866
0
1114369
0
1066330
0
1078872
0
1060492
0
1055237
0
1053637
0
1029475
0
1016441
0
997580
0
999982
0
1016176
0
979548
0
942596
0
956989
0
964097
0
962260
0
963133
0
986732
0
989141
0
985110
0
989859
0
989292
0
975736
0
954438
0
972765
0
983926
0
953493
0
922971
0
909704
0
865369
0
911776
0
878031
0
910394
0
891094
0
869023
0
893950
0
894091
0
872303
0
884428
0
881071
0
897325
0
882221
0
903887
0
902332
0
890494
0
897673
0
875122
0
830871
0
835683
0
825549
0
839269
0
819916
0
827208
0
799423
0
790215
0
761296
0
768072
0
808809
0
806269
0
766941
0
801076
0
765926
0
774030
0
758764
0
788242
0
746551
0
781170
0
738780
0
740934
0
730518
0
720886
0
723964
0
722824
0
744499
0
686435
0
707953
0
719667
0
699127
0
755486
0
741655
0
733263
0
755072
0
734996
0
752275
0
692715
0
732832
0
700872
0
736583
0
743954
0
718736
0
775220
0
730795
0
733038
0
755248
0
732794
0
732351
0
745653
0
744310
0
762769
0
801600
0
768570
0
744268
0
720997
0
725064
0
716755
0
754881
0
738407
0
740320
0
737842
0
771320
0
753214
0
787775
0
794266
0
751282
0
765129
0
726167
0
732268
0
728352
0
734479
0
726378
0
726082
0
732660
0
711975
0
687295
0
714131
0
661702
0
684908
0
690503
0
705909
0
695659
0
693591
0
722481
0
700416
0
692585
0
675837
0
673672
0
631239
0
644827
0
653284
0
667913
0
639001
0
645235
0
674980
0
652191
0
609385
0
624141
0
632513
0
605709
0
642112
0
612719
0
616626
0
617566
0
585209
0
627667
0
637892
0
595848
0
621385
0
583844
0
598301
0
588132
0
585598
0
592706
0
587159
0
596001
0
599700
0
620045
0
620271
0
618731
0
605861
0
618190
0
597028
0
565208
0
576504
0
584824
0
585343
0
621688
0
558372
0
610441
0
604247
0
594530
0
604781
0
611727
0
609744
0
600504
0
595780
0
572347
0
553772
0
545788
0
540125
0
571818
0
550002
0
556656
0
542625
0
553723
0
562584
0
561797
0
533873
0
529375
0
524792
0
565518
0
563319
0
549624
0
520449
0
552819
0
536267
0
555723
0
562443
0
559426
0
557920
0
542172
0
548688
0
574444
0
540461
0
520473
0
562438
0
543112
0
520750
0
542844
0
508307
0
493042
0
528971
0
516142
0
502942
0
515187
0
505906
0
519055
0
515782
0
507583
0
510581
0
506334
0
515635
0
493509
0
491007
0
519151
0
482292
0
515344
0
492430
0
505376
0
475959
0
514128
0
495964
0
486824
0
505200
0
481763
0
510082
0
490611
0
478646
0
486665
0
500596
0
487182
0
485123
0
477547
0
480582
0
477218
0
487243
0
489148
0
487645
0
491299
0
476630
0
477962
0
461007
0
463901
0
459983
0
477519
0
454710
0
451145
0
471491
0
453081
0
440426
0
439629
0
445308
0
476922
0
444613
0
463197
0
470125
0
471810
0
480871
0
500521
0
488556
0
479939
0
484000
0
505756
0
519164
0
514491
0
534348
0
510721
0
502479
0
515164
0
493389
0
501454
0
478978
0
474079
0
480590
0
474765
0
492961
0
466674
0
477294
0
494476
0
479877
0
460435
0
489012
0
454314
0
457762
0
433610
0
468429
0
460231
0
458451
0
452917
0
446277
0
439498
0
441783
0
436162
0
432070
0
446667
0
449757
0
452617
0
471827
0
443615
0
475190
0
454683
0
468981
0
462049
0
464662
0
458227
0
454224
0
425629
0
438688
0
430623
0
438854
0
437184
0
424622
0
449178
0
448429
0
429786
0
433395
0
440120
0
428349
0
444860
0
431981
0
428927
0
432885
0
432928
0
444693
0
451242
0
450418
0
437415
0
418898
0
415038
0
431627
0
404933
0
409135
0
412236
0
412743
0
425659
0
419302
0
436918
0
459119
0
427684
0
429719
0
454081
0
430089
0
437407
0
402669
0
404092
0
390535
0
400117
0
395861
0
406515
0
396438
0
420449
0
423140
0
391308
0
403546
0
405034
0
399548
0
375337
0
389037
0
393721
0
377678
0
388352
0
358847
0
376786
0
345489
0
352169
0
365277
0
355632
0
363534
0
344024
0
353214
0
352382
0
362293
0
392525
0
363620
0
393750
0
379190
0
366152
0
383123
0
358763
0
361328
0
391220
0
399422
0
390158
0
415822
0
417935
0
393583
0
384565
0
392659
0
392029
0
384008
0
381437
0
404148
0
403286
0
384961
0
386285
0
379620
0
374240
0
376788
0
374822
0
374327
0
375267
0
355878
0
361193
0
369136
0
395222
0
401352
0
378933
0
372026
0
380496
0
398390
0
390725
0
377457
0
361587
0
355396
0
372337
0
375106
0
378297
0
394691
0
368024
0
381082
0
366856
0
374346
0
368183
0
390489
0
385791
0
418538
0
380145
0
385993
0
389090
0
387063
0
375216
0
383654
0
372893
0
382595
0
367072
0
370260
0
378531
0
395726
0
371421
0
387059
0
388099
0
394773
0
413657
0
417933
0
401892
0
406876
0
396188
0
393414
0
415741
0
398365
0
390305
0
393897
0
381503
0
382245
0
388172
0
377128
0
406012
0
391391
0
383076
0
362913
0
358713
0
348075
0
348983
0
375249
0
360587
0
368522
0
372113
0
364393
0
371213
0
345553
0
338591
0
344175
0
348782
0
339244
0
352140
0
338484
0
352764
0
333905
0
333869
0
320808
0
351953
0
368042
0
358950
0
358353
0
380443
0
389303
0
379848
0
365857
0
354421
0
361306
0
372578
0
367877
0
386694
0
399302
0
379624
0
365122
0
375170
0
374076
0
344569
0
375192
0
342447
0
377362
0
352975
0
359653
0
348752
0
355921
0
376763
0
363966
0
365063
0
366431
0
358250
0
387933
0
393452
0
382694
0
400711
0
410069
0
398285
0
393969
0
346672
0
375521
0
362776
0
376636
0
413397
0
392322
0
382189
0
384194
0
376242
0
396510
0
394596
0
396312
0
407895
0
407849
0
398270
0
369481
0
387809
0
396252
0
378971
0
412963
0
399027
0
380952
0
388188
0
387053
0
376909
0
375614
0
380129
0
370084
0
377375
0
386718
0
407863
0
423420
0
418749
0
423827
0
425546
0
414680
0
443238
0
399168
0
418391
0
421104
0
409427
0
433320
0
432179
0
405832
0
427615
0
398028
0
424856
0
429401
0
403086
0
419478
0
427635
0
434644
0
418476
0
445212
0
421799
0
440029
0
442947
0
441613
0
431336
0
457188
0
442610
0
448476
0
466645
0
472914
0
466021
0
454677
0
443979
0
451119
0
442832
0
463030
0
465892
0
458622
0
463542
0
469159
0
491239
0
464259
0
455087
0
446028
0
476497
0
432839
0
441507
0
430737
0
461138
0
452271
0
413926
0
415626
0
419851
0
407045
0
412945
0
398783
0
392826
0
377942
0
391654
0
396026
0
375168
0
379113
0
385702
0
395207
0
405754
0
423450
0
405822
0
400562
0
398355
0
420293
0
458760
0
452079
0
443152
0
439511
0
451896
0
434969
0
438511
0
462943
0
442427
0
464400
0
427030
0
451160
0
443090
0
476891
0
482901
0
463788
0
463047
0
450083
0
484099
0
500549
0
467018
0
471573
0
468452
0
469605
0
494054
0
479810
0
467239
0
478805
0
471162
0
482999
0
494888
0
484596
0
471689
0
512107
0
512685
0
498946
0
493948
0
509989
0
479491
0
481474
0
501727
0
511916
0
526155
0
513155
0
529495
0
522358
0
543783
0
543600
0
533366
0
562482
0
536909
0
541578
0
539193
0
532427
0
542556
0
545596
0
561629
0
557228
0
571619
0
593269
0
576303
0
578897
0
567001
0
561563
0
552426
0
521006
0
598793
0
578479
0
601131
0
600205
0
568099
0
556344
0
639297
0
606681
0
654093
0
621850
0
654136
0
677074
0
650381
0
656107
0
680846
0
762041
0
723326
0
744923
0
766405
0
774348
0
734594
0
791908
0
830604
0
835383
0
883469
0
830885
0
942963
0
927184
0
1022245
0
1054521
0
1084186
0
1117122
0
1194444
0
1283677
0
1347561
0
1337395
0
1400786
0
1446406
0
1613146
0
1823693
0
2123091
0
2358000
0
4175201
0
