0
0
0
0
0
0
0
0
0
0
0
0
0
0
0
0
0
0
0
0
0
0
0
0
0
0
0
0
0
36
521
412
684
1481
3016
4010
5745
8549
11406
15985
24118
24539
35867
42054
60967
64827
83181
94119
106347
117493
133846
144656
153511
168967
179529
196803
215123
208737
241162
230456
248007
229961
251769
242659
249542
250510
249116
256295
250501
254530
241610
242516
233722
230283
219080
226219
200725
203591
191179
185006
176885
164624
164634
152638
146551
140007
136940
128667
126679
111549
109214
94683
97285
81808
89608
77368
79128
62208
64417
54877
55903
42838
48894
37030
39895
29659
31781
25756
23989
19090
18045
14318
12691
8939
9623
6876
7236
4742
5368
4425
3318
4122
3773
4830
3612
3174
2472
3041
1982
2693
1283
2094
982
1602
1620
1122
980
514
281
163
112
265
50
346
0
70
0
87
0
53
0
75
0
16
0
42
0
4
0
73
0
201
0
39
0
79
0
39
0
158
0
264
0
102
0
106
0
182
0
332
0
128
0
19
0
50
0
410
0
343
0
324
0
265
0
225
0
32
0
20
0
28
0
68
0
83
0
254
0
97
0
307
0
229
0
181
0
56
0
54
0
219
0
19
0
30
0
9
0
27
0
102
0
48
0
49
0
16
51
0
98
0
49
0
87
0
23
0
21
0
5
0
27
0
68
0
135
0
116
0
101
0
30
0
13
0
29
0
123
0
45
0
126
0
7
0
11
0
12
0
4
0
41
0
6
0
3
0
14
0
58
0
17
0
12
0
119
0
44
0
30
0
14
0
15
0
14
0
2
0
7
0
352
0
113
0
48
0
36
0
4
0
9
0
15
0
77
0
55
0
25
0
22
0
8
0
165
18
153
79
20
121
0
263
0
9
0
22
0
1
0
153
0
21
0
20
0
52
0
3
0
49
0
5
0
202
0
215
0
599
0
93
0
195
0
10
0
27
0
32
0
24
0
15
0
26
0
33
0
23
0
6
0
28
0
105
0
28
0
42
0
35
0
196
0
64
0
139
0
81
0
4
0
53
0
12
0
10
0
5
0
13
0
21
0
215
0
164
0
40
0
184
0
8
0
63
0
14
0
168
0
91
0
4
0
10
0
224
0
55
0
25
0
34
0
34
0
87
0
61
0
41
0
1
0
45
0
6
0
82
0
74
0
74
0
66
0
25
0
19
0
73
0
2
0
24
0
13
0
2
0
60
0
61
0
10
0
17
0
12
100
0
0
0
0
0
0
0
0
0
0
0
0
0
0
0
0
0
0
0
0
0
0
0
0
0
0
0
0
0
0
0
0
0
0
0
0
0
0
0
0
0
0
0
0
0
0
0
0
0
0
0
0
0
0
0
0
0
0
0
0
0
0
0
0
0
0
0
0
0
0
0
0
0
0
0
0
0
0
0
0
0
0
0
0
0
0
0
0
0
0
0
0
0
0
0
0
0
0
0
0
0
0
0
0
0
0
0
0
0
0
0
0
0
0
0
0
0
0
0
0
0
0
0
0
0
0
0
0
0
0
0
0
0
0
0
0
0
0
0
0
0
0
0
0
0
0
0
0
0
0
0
0
0
0
0
0
0
0
0
0
0
0
0
0
0
0
0
0
0
0
0
0
0
0
0
0
0
0
0
0
0
0
0
0
0
0
0
0
0
0
0
0
0
0
0
0
0
0
0
0
0
0
0
0
0
0
0
0
0
0
0
0
0
0
0
0
0
0
0
0
0
0
0
0
0
0
0
0
0
0
0
0
0
0
0
0
0
0
0
0
0
0
0
0
0
0
0
0
0
0
0
0
0
0
0
0
0
0
0
0
0
0
0
0
0
0
0
0
0
0
0
0
0
0
0
0
0
0
0
0
0
0
0
0
0
0
0
0
0
0
0
0
0
0
0
0
0
0
0
0
0
0
0
0
0
0
0
0
0
0
0
0
0
0
0
0
0
0
0
0
0
0
0
0
0
0
0
0
0
0
0
0
0
0
0
0
0
0
0
0
0
0
0
0
0
0
0
0
0
0
0
0
0
0
0
0
0
0
0
0
0
0
0
0
0
0
0
0
0
0
0
0
0
0
0
0
0
0
0
0
0
0
0
0
0
0
0
0
0
0
0
0
0
0
0
0
0
0
0
0
0
0
0
0
0
0
0
0
0
0
0
0
0
0
0
0
0
0
0
0
0
0
0
0
0
0
0
0
0
0
0
0
0
0
0
0
0
0
0
0
0
0
0
0
0
0
0
0
0
0
0
0
0
0
0
0
0
0
0
0
0
0
0
0
0
0
0
0
0
0
0
0
0
0
0
0
0
0
0
0
0
0
0
0
0
0
0
0
0
0
0
0
0
0
0
0
0
0
0
