0
0
0
0
0
0
0
0
0
0
0
0
0
0
0
0
0
0
0
0
0
0
0
0
0
0
0
0
0
0
0
0
0
0
0
0
0
0
0
0
0
0
0
0
0
0
0
0
35
6
142
82
180
575
295
1225
1282
2228
3224
4773
7182
9795
14477
19201
27287
31706
45743
48377
60475
70054
84409
93181
111785
124941
135290
154087
163512
184075
186326
209456
219098
238139
245403
242650
256028
254927
262382
267665
259330
269133
261582
264849
249856
251658
250049
254273
240734
248775
222982
228326
211991
211303
195037
198817
177898
175900
157331
162746
139904
146850
124188
119804
103948
99570
86085
87162
74297
71056
66564
61712
50466
52674
40462
41558
32225
34253
25844
29670
22017
25503
17124
20570
12522
18212
9416
14840
7605
10807
6128
8171
4820
5551
4140
5378
2807
3748
1368
3708
1638
3071
1409
2292
1563
2154
964
1779
783
1819
447
1025
149
191
157
87
69
201
37
39
58
79
0
39
23
158
0
241
0
102
0
104
2
132
50
6
326
2
126
33
19
78
8
101
45
62
84
319
254
138
39
17
173
57
174
36
147
0
40
0
114
0
277
0
3
0
307
0
229
0
181
0
56
0
54
0
219
0
19
0
30
0
9
0
27
0
102
0
48
0
49
0
16
51
0
98
0
49
0
87
0
23
0
21
0
5
0
27
0
68
0
135
0
116
0
101
0
30
0
13
0
29
0
123
0
45
0
126
0
7
0
11
0
12
0
4
0
41
0
6
0
3
0
14
0
58
0
17
0
12
0
119
0
44
0
30
0
14
0
15
0
14
0
2
0
7
0
266
0
140
0
107
0
36
0
4
0
9
0
15
0
77
0
55
0
25
0
22
0
6
2
0
165
18
153
79
20
121
0
263
0
9
0
22
0
1
0
153
0
21
0
20
0
52
0
3
0
49
0
5
0
202
40
196
3
532
32
136
10
163
27
0
32
0
24
0
15
0
26
0
33
0
23
0
6
0
28
0
105
0
28
0
42
0
35
0
196
0
64
0
139
75
6
4
0
53
0
12
0
10
0
5
0
13
0
21
0
215
0
164
0
40
0
184
0
8
0
63
0
14
0
168
0
91
0
4
0
10
0
224
0
55
0
25
0
34
0
34
0
87
0
61
0
41
0
1
0
45
0
6
0
82
0
74
0
74
0
66
0
25
0
19
0
73
0
2
0
24
0
13
0
2
0
60
0
61
0
10
0
17
0
12
100
0
0
0
0
0
0
0
0
0
0
0
0
0
0
0
0
0
0
0
0
0
0
0
0
0
0
0
0
0
0
0
0
0
0
0
0
0
0
0
0
0
0
0
0
0
0
0
0
0
0
0
0
0
0
0
0
0
0
0
0
0
0
0
0
0
0
0
0
0
0
0
0
0
0
0
0
0
0
0
0
0
0
0
0
0
0
0
0
0
0
0
0
0
0
0
0
0
0
0
0
0
0
0
0
0
0
0
0
0
0
0
0
0
0
0
0
0
0
0
0
0
0
0
0
0
0
0
0
0
0
0
0
0
0
0
0
0
0
0
0
0
0
0
0
0
0
0
0
0
0
0
0
0
0
0
0
0
0
0
0
0
0
0
0
0
0
0
0
0
0
0
0
0
0
0
0
0
0
0
0
0
0
0
0
0
0
0
0
0
0
0
0
0
0
0
0
0
0
0
0
0
0
0
0
0
0
0
0
0
0
0
0
0
0
0
0
0
0
0
0
0
0
0
0
0
0
0
0
0
0
0
0
0
0
0
0
0
0
0
0
0
0
0
0
0
0
0
0
0
0
0
0
0
0
0
0
0
0
0
0
0
0
0
0
0
0
0
0
0
0
0
0
0
0
0
0
0
0
0
0
0
0
0
0
0
0
0
0
0
0
0
0
0
0
0
0
0
0
0
0
0
0
0
0
0
0
0
0
0
0
0
0
0
0
0
0
0
0
0
0
0
0
0
0
0
0
0
0
0
0
0
0
0
0
0
0
0
0
0
0
0
0
0
0
0
0
0
0
0
0
0
0
0
0
0
0
0
0
0
0
0
0
0
0
0
0
0
0
0
0
0
0
0
0
0
0
0
0
0
0
0
0
0
0
0
0
0
0
0
0
0
0
0
0
0
0
0
0
0
0
0
0
0
0
0
0
0
0
0
0
0
0
0
0
0
0
0
0
0
0
0
0
0
0
0
0
0
0
0
0
0
0
0
0
0
0
0
0
0
0
0
0
0
0
0
0
0
0
0
0
0
0
0
0
0
0
0
0
0
0
0
0
0
0
0
0
0
0
0
0
0
0
0
0
0
0
0
0
0
0
0
0
0
0
0
0
0
0
0
0
0
0
0
0
0
0
0
0
0
