4162
0
1155
0
693
0
434
0
318
0
250
0
186
0
174
0
134
0
113
0
79
0
83
0
60
0
60
0
58
0
47
0
49
0
36
0
49
0
31
0
34
0
37
0
28
0
31
0
27
0
25
0
16
0
21
0
20
0
14
0
16
0
20
0
19
0
13
0
16
0
8
0
15
0
9
0
11
0
14
0
12
0
5
0
9
0
11
0
12
0
15
0
8
0
14
0
8
0
8
0
11
0
6
0
4
0
9
0
7
0
10
0
14
0
4
0
9
0
12
0
9
0
10
0
10
0
6
0
9
0
5
0
6
0
7
0
6
0
5
0
8
0
3
0
5
0
7
0
6
0
6
0
6
0
7
0
10
0
5
0
5
0
12
0
5
0
4
0
5
0
8
0
6
0
6
0
7
0
4
0
4
0
7
0
5
0
3
0
7
0
4
0
4
0
6
0
4
0
6
0
3
0
2
0
3
0
3
0
3
0
2
0
4
0
3
0
5
0
3
0
4
0
4
0
2
0
4
0
4
0
2
0
1
0
2
0
3
0
4
0
2
0
6
0
2
0
1
0
2
0
4
0
4
0
3
0
3
0
1
0
3
0
3
0
0
0
2
0
2
0
2
0
0
0
3
0
3
0
3
0
2
0
3
0
1
0
5
0
3
0
4
0
3
0
2
0
3
0
6
0
4
0
4
0
3
0
4
0
3
0
4
0
0
0
3
0
1
0
4
0
2
0
3
0
2
0
2
0
4
0
3
0
2
0
6
0
2
0
3
0
3
0
2
0
3
0
4
0
3
0
2
0
0
0
2
0
1
0
1
0
3
0
1
0
1
0
3
0
0
0
1
0
2
0
2
0
1
0
2
0
3
0
3
0
2
0
1
0
1
0
0
0
1
0
0
0
1
0
1
0
2
0
1
0
4
0
1
0
1
0
0
0
1
0
1
0
0
0
2
0
1
0
0
0
0
0
1
0
1
0
1
0
0
0
0
0
1
0
1
0
1
0
1
0
2
0
2
0
1
0
0
0
1
0
0
0
1
0
0
0
1
0
2
0
1
0
1
0
1
0
2
0
3
0
2
0
3
0
1
0
2
0
2
0
1
0
1
0
2
0
1
0
2
0
1
0
1
0
2
0
0
0
0
0
0
0
0
0
1
0
0
0
2
0
0
0
0
0
0
0
1
0
0
0
1
0
0
0
1
0
1
0
0
0
1
0
0
0
1
0
2
0
2
0
0
0
1
0
1
0
3
0
1
0
1
0
0
0
0
0
0
0
1
0
1
0
0
0
2
0
0
0
0
0
0
0
0
0
0
0
0
0
0
0
1
0
0
0
1
0
1
0
2
0
0
0
2
0
1
0
1
0
3
0
1
0
1
0
2
0
1
0
2
0
1
0
1
0
0
0
2
0
0
0
0
0
2
0
1
0
1
0
0
0
0
0
1
0
1
0
0
0
1
0
1
0
2
0
0
0
2
0
1
0
0
0
3
0
1
0
1
0
0
0
1
0
1
0
0
0
1
0
1
0
2
0
1
0
1
0
1
0
1
0
0
0
2
0
2
0
2
0
1
0
2
0
2
0
1
0
1
0
0
0
4
0
2
0
1
0
0
0
1
0
1
0
3
0
2
0
2
0
1
0
2
0
2
0
1
0
3
0
0
0
2
0
3
0
1
0
0
0
2
0
2
0
3
0
2
0
3
0
1
0
3
0
0
0
1
0
0
0
1
0
0
0
1
0
0
0
1
0
0
0
1
0
3
0
2
0
1
0
2
0
0
0
0
0
1
0
2
0
1
0
1
0
2
0
1
0
2
0
1
0
1
0
1
0
1
0
0
0
1
0
1
0
1
0
2
0
1
0
3
0
2
0
1
0
3
0
2
0
0
0
1
0
1
0
2
0
1
0
0
0
1
0
2
0
0
0
0
0
0
0
0
0
2
0
2
0
2
0
0
0
3
0
3
0
1
0
2
0
1
0
2
0
2
0
1
0
0
0
0
0
0
0
1
0
1
0
0
0
1
0
0
0
0
0
1
0
1
0
1
0
0
0
0
0
0
0
0
0
1
0
2
0
1
0
0
0
0
0
1
0
2
0
1
0
1
0
1
0
1
0
1
0
1
0
1
0
1
0
1
0
1
0
0
0
0
0
1
0
0
0
0
0
0
0
1
0
0
0
0
0
0
0
0
0
1
0
1
0
1
0
2
0
2
0
0
0
2
0
1
0
0
0
0
0
1
0
1
0
0
0
1
0
0
0
0
0
1
0
1
0
0
0
1
0
0
0
1
0
0
0
0
0
0
0
0
0
1
0
0
0
0
0
0
0
1
0
1
0
0
0
0
0
0
0
1
0
0
0
1
0
2
0
0
0
2
0
1
0
2
0
1
0
0
0
0
0
1
0
2
0
0
0
1
0
0
0
1
0
0
0
2
0
1
0
0
0
2
0
2
0
2
0
0
0
2
0
0
0
1
0
0
0
0
0
1
0
0
0
0
0
1
0
0
0
1
0
1
0
3
0
0
0
1
0
1
0
1
0
2
0
2
0
0
0
3
0
0
0
1
0
2
0
0
0
2
0
0
0
2
0
2
0
2
0
2
0
2
0
3
0
3
0
2
0
0
0
4
0
2
0
0
0
1
0
2
0
1
0
1
0
2
0
1
0
1
0
0
0
2
0
0
0
4
0
3
0
0
0
0
0
1
0
2
0
3
0
0
0
1
0
1
0
0
0
0
0
0
0
0
0
2
0
3
0
3
0
3
0
1
0
1
0
1
0
0
0
0
0
0
0
0
0
0
0
0
0
1
0
0
0
0
0
0
0
1
0
1
0
0
0
0
0
1
0
0
0
0
0
1
0
0
0
0
0
0
0
0
0
0
0
1
0
1
0
0
0
0
0
0
0
0
0
0
0
1
0
0
0
2
0
1
0
2
0
2
0
1
0
3
0
0
0
1
0
0
0
1
0
1
0
1
0
0
0
0
0
0
0
0
0
1
0
2
0
1
0
2
0
2
0
2
0
1
0
2
0
1
0
2
0
2
0
1
0
1
0
0
0
1
0
2
0
0
0
1
0
0
0
0
0
0
0
1
0
0
0
1
0
1
0
0
0
0
0
0
0
1
0
1
0
1
0
1
0
0
0
0
0
0
0
0
0
1
0
0
0
0
0
2
0
0
0
1
0
1
0
1
0
1
0
0
0
1
0
0
0
0
0
0
0
1
0
2
0
0
0
1
0
0
0
0
0
0
0
1
0
0
0
1
0
1
0
0
0
0
0
0
0
0
0
0
0
0
0
0
0
2
0
1
0
2
0
0
0
1
0
0
0
0
0
1
0
0
0
1
0
0
0
2
0
0
0
0
0
0
0
1
0
0
0
0
0
0
0
1
0
2
0
2
0
1
0
1
0
4
0
1
0
0
0
0
0
0
0
1
0
1
0
0
0
2
0
2
0
1
0
0
0
0
0
1
0
1
0
0
0
0
0
2
0
1
0
2
0
1
0
3
0
1
0
0
0
1
0
1
0
0
0
1
0
0
0
1
0
2
0
0
0
0
0
1
0
0
0
1
0
0
0
2
0
0
0
1
0
0
0
1
0
1
0
1
0
0
0
0
0
1
0
0
0
0
0
0
0
2
0
1
0
1
0
0
0
0
0
0
0
0
0
0
0
0
0
0
0
0
0
0
0
1
0
0
0
1
0
1
0
1
0
2
0
0
0
0
0
1
0
0
0
1
0
0
0
2
0
0
0
0
0
3
0
1
0
0
0
1
0
1
0
0
0
1
0
0
0
0
0
1
0
0
0
0
0
1
0
1
0
1
0
1
0
0
0
1
0
0
0
1
0
1
0
0
0
0
0
0
0
1
0
3
0
2
0
1
0
1
0
0
0
1
0
0
0
2
0
1
0
0
0
0
0
1
0
0
0
1
0
1
0
0
0
1
0
2
0
2
0
0
0
1
0
4
0
0
0
1
0
1
0
3
0
0
0
1
0
1
0
1
0
0
0
2
0
0
0
1
0
2
0
0
0
1
0
1
0
1
0
1
0
1
0
1
0
2
0
1
0
1
0
0
0
0
0
1
0
1
0
1
0
1
0
2
0
2
0
0
0
2
0
1
0
1
0
0
0
0
0
2
0
2
0
2
0
3
0
1
0
1
0
1
0
1
0
2
0
0
0
2
0
0
0
1
0
1
0
1
0
1
0
0
0
3
0
1
0
3
0
2
0
3
0
0
0
2
0
1
0
0
0
0
0
2
0
1
0
0
0
0
0
0
0
0
0
0
0
1
0
0
0
0
0
1
0
0
0
1
0
0
0
1
0
2
0
1
0
0
0
0
0
0
0
1
0
1
0
0
0
0
0
0
0
1
0
0
0
1
0
0
0
1
0
0
0
1
0
1
0
1
0
2
0
0
0
2
0
4
0
1
0
3
0
4
0
0
0
1
0
1
0
1
0
2
0
0
0
1
0
2
0
2
0
1
0
3
0
4
0
2
0
6
0
1
0
5
0
5
0
