0.50050000000000
0.50050000000000
0.62568759379690
0.62568759379690
0.68831273460967
0.68831273460967
0.72747306702267
0.72747306702267
0.75489905396801
0.75489905396801
0.77547887541268
0.77547887541268
0.79165686476209
0.79165686476209
0.80480809641616
0.80480809641616
0.81577297721591
0.81577297721591
0.82509782592024
0.82509782592024
0.83315516960588
0.83315516960588
0.84020890782487
0.84020890782487
0.84645190939163
0.84645190939163
0.85202884026682
0.85202884026682
0.85705062201687
0.85705062201687
0.86160392070286
0.86160392070286
0.86575756618956
0.86575756618956
0.86956701024549
0.86956701024549
0.87307749431524
0.87307749431524
0.87632634628138
0.87632634628138
0.87934467578703
0.87934467578703
0.88215864579810
0.88215864579810
0.88479044014962
0.88479044014962
0.88725900940389
0.88725900940389
0.88958065265195
0.88958065265195
0.89176947626697
0.89176947626697
0.89383775922797
0.89383775922797
0.89579624669977
0.89579624669977
0.89765438794707
0.89765438794707
0.89942053064161
0.89942053064161
0.90110208070439
0.90110208070439
0.90270563468220
0.90270563468220
0.90423709006749
0.90423709006749
0.90570173777751
0.90570173777751
0.90710434010527
0.90710434010527
0.90844919676496
0.90844919676496
0.90974020112288
0.90974020112288
0.91098088829242
0.91098088829242
0.91217447644852
0.91217447644852
0.91332390246353
0.91332390246353
0.91443185276424
0.91443185276424
0.91550079014957
0.91550079014957
0.91653297717945
0.91653297717945
0.91753049664116
0.91753049664116
0.91849526951521
0.91849526951521
0.91942907079402
0.91942907079402
0.92033354345025
0.92033354345025
0.92121021080524
0.92121021080524
0.92206048750977
0.92206048750977
0.92288568931747
0.92288568931747
0.92368704180474
0.92368704180474
0.92446568816875
0.92446568816875
0.92522269621664
0.92522269621664
0.92595906464317
0.92595906464317
0.92667572868094
0.92667572868094
0.92737356519592
0.92737356519592
0.92805339729161
0.92805339729161
0.92871599847677
0.92871599847677
0.92936209644489
0.92936209644489
0.92999237650737
0.92999237650737
0.93060748471730
0.93060748471730
0.93120803071636
0.93120803071636
0.93179459033322
0.93179459033322
0.93236770795885
0.93236770795885
0.93292789872096
0.93292789872096
0.93347565047728
0.93347565047728
0.93401142564536
0.93401142564536
0.93453566288447
0.93453566288447
0.93504877864352
0.93504877864352
0.93555116858737
0.93555116858737
0.93604320891283
0.93604320891283
0.93652525756413
0.93652525756413
0.93699765535684
0.93699765535684
0.93746072701844
0.93746072701844
0.93791478215249
0.93791478215249
0.93836011613317
0.93836011613317
0.93879701093591
0.93879701093591
0.93922573590955
0.93922573590955
0.93964654849474
0.93964654849474
0.94005969489299
0.94005969489299
0.94046541069031
0.94046541069031
0.94086392143911
0.94086392143911
0.94125544320154
0.94125544320154
0.94164018305723
0.94164018305723
0.94201833957826
0.94201833957826
0.94239010327381
0.94239010327381
0.94275565700660
0.94275565700660
0.94311517638347
0.94311517638347
0.94346883012175
0.94346883012175
0.94381678039327
0.94381678039327
0.94415918314762
0.94415918314762
0.94449618841610
0.94449618841610
0.94482794059768
0.94482794059768
0.94515457872828
0.94515457872828
0.94547623673445
0.94547623673445
0.94579304367254
0.94579304367254
0.94610512395432
0.94610512395432
0.94641259755992
0.94641259755992
0.94671558023902
0.94671558023902
0.94701418370092
0.94701418370092
0.94730851579429
0.94730851579429
0.94759868067723
0.94759868067723
0.94788477897829
0.94788477897829
0.94816690794895
0.94816690794895
0.94844516160812
0.94844516160812
0.94871963087916
0.94871963087916
0.94899040371989
0.94899040371989
0.94925756524591
0.94925756524591
0.94952119784781
0.94952119784781
0.94978138130243
0.94978138130243
0.95003819287866
0.95003819287866
0.95029170743805
0.95029170743805
0.95054199753050
0.95054199753050
0.95078913348539
0.95078913348539
0.95103318349829
0.95103318349829
0.95127421371363
0.95127421371363
0.95151228830342
0.95151228830342
0.95174746954237
0.95174746954237
0.95197981787949
0.95197981787949
0.95220939200647
0.95220939200647
0.95243624892286
0.95243624892286
0.95266044399843
0.95266044399843
0.95288203103268
0.95288203103268
0.95310106231168
0.95310106231168
0.95331758866251
0.95331758866251
0.95353165950524
0.95353165950524
0.95374332290271
0.95374332290271
0.95395262560813
0.95395262560813
0.95415961311070
0.95415961311070
0.95436432967928
0.95436432967928
0.95456681840425
0.95456681840425
0.95476712123754
0.95476712123754
0.95496527903117
0.95496527903117
0.95516133157403
0.95516133157403
0.95535531762731
0.95535531762731
0.95554727495839
0.95554727495839
0.95573724037348
0.95573724037348
0.95592524974881
0.95592524974881
0.95611133806078
0.95611133806078
0.95629553941473
0.95629553941473
0.95647788707276
0.95647788707276
0.95665841348035
0.95665841348035
0.95683715029203
0.95683715029203
0.95701412839600
0.95701412839600
0.95718937793794
0.95718937793794
0.95736292834379
0.95736292834379
0.95753480834176
0.95753480834176
0.95770504598346
0.95770504598346
0.95787366866437
0.95787366866437
0.95804070314339
0.95804070314339
0.95820617556185
0.95820617556185
0.95837011146169
0.95837011146169
0.95853253580310
0.95853253580310
0.95869347298143
0.95869347298143
0.95885294684362
0.95885294684362
0.95901098070391
0.95901098070391
0.95916759735914
0.95916759735914
0.95932281910339
0.95932281910339
0.95947666774224
0.95947666774224
0.95962916460643
0.95962916460643
0.95978033056513
0.95978033056513
0.95993018603872
0.95993018603872
0.96007875101114
0.96007875101114
0.96022604504185
0.96022604504185
0.96037208727741
0.96037208727741
0.96051689646257
0.96051689646257
0.96066049095115
0.96066049095115
0.96080288871645
0.96080288871645
0.96094410736134
0.96094410736134
0.96108416412811
0.96108416412811
0.96122307590783
0.96122307590783
0.96136085924963
0.96136085924963
0.96149753036950
0.96149753036950
0.96163310515889
0.96163310515889
0.96176759919306
0.96176759919306
0.96190102773915
0.96190102773915
0.96203340576395
0.96203340576395
0.96216474794152
0.96216474794152
0.96229506866051
0.96229506866051
0.96242438203128
0.96242438203128
0.96255270189280
0.96255270189280
0.96268004181933
0.96268004181933
0.96280641512696
0.96280641512696
0.96293183487984
0.96293183487984
0.96305631389636
0.96305631389636
0.96317986475502
0.96317986475502
0.96330249980024
0.96330249980024
0.96342423114791
0.96342423114791
0.96354507069084
0.96354507069084
0.96366503010401
0.96366503010401
0.96378412084970
0.96378412084970
0.96390235418249
0.96390235418249
0.96401974115402
0.96401974115402
0.96413629261776
0.96413629261776
0.96425201923353
0.96425201923353
0.96436693147193
0.96436693147193
0.96448103961867
0.96448103961867
0.96459435377875
0.96459435377875
0.96470688388056
0.96470688388056
0.96481863967980
0.96481863967980
0.96492963076336
0.96492963076336
0.96503986655307
0.96503986655307
0.96514935630936
0.96514935630936
0.96525810913478
0.96525810913478
0.96536613397748
0.96536613397748
0.96547343963457
0.96547343963457
0.96558003475539
0.96558003475539
0.96568592784470
0.96568592784470
0.96579112726579
0.96579112726579
0.96589564124349
0.96589564124349
0.96599947786713
0.96599947786713
0.96610264509338
0.96610264509338
0.96620515074910
0.96620515074910
0.96630700253400
0.96630700253400
0.96640820802333
0.96640820802333
0.96650877467046
0.96650877467046
0.96660870980938
0.96660870980938
0.96670802065720
0.96670802065720
0.96680671431651
0.96680671431651
0.96690479777771
0.96690479777771
0.96700227792132
0.96700227792132
0.96709916152019
0.96709916152019
0.96719545524164
0.96719545524164
0.96729116564961
0.96729116564961
0.96738629920669
0.96738629920669
0.96748086227618
0.96748086227618
0.96757486112398
0.96757486112398
0.96766830192059
0.96766830192059
0.96776119074290
0.96776119074290
0.96785353357607
0.96785353357607
0.96794533631532
0.96794533631532
0.96803660476759
0.96803660476759
0.96812734465335
0.96812734465335
0.96821756160817
0.96821756160817
0.96830726118439
0.96830726118439
0.96839644885267
0.96839644885267
0.96848513000358
0.96848513000358
0.96857330994906
0.96857330994906
0.96866099392394
0.96866099392394
0.96874818708732
0.96874818708732
0.96883489452408
0.96883489452408
0.96892112124616
0.96892112124616
0.96900687219394
0.96900687219394
0.96909215223759
0.96909215223759
0.96917696617829
0.96917696617829
0.96926131874956
0.96926131874956
0.96934521461843
0.96934521461843
0.96942865838667
0.96942865838667
0.96951165459197
0.96951165459197
0.96959420770907
0.96959420770907
0.96967632215093
0.96967632215093
0.96975800226976
0.96975800226976
0.96983925235815
0.96983925235815
0.96992007665012
0.96992007665012
0.97000047932213
0.97000047932213
0.97008046449409
0.97008046449409
0.97016003623038
0.97016003623038
0.97023919854078
0.97023919854078
0.97031795538141
0.97031795538141
0.97039631065571
0.97039631065571
0.97047426821528
0.97047426821528
0.97055183186081
0.97055183186081
0.97062900534294
0.97062900534294
0.97070579236310
0.97070579236310
0.97078219657436
0.97078219657436
0.97085822158223
0.97085822158223
0.97093387094547
0.97093387094547
0.97100914817686
0.97100914817686
0.97108405674398
0.97108405674398
0.97115860006997
0.97115860006997
0.97123278153424
0.97123278153424
0.97130660447321
0.97130660447321
0.97138007218101
0.97138007218101
0.97145318791018
0.97145318791018
0.97152595487233
0.97152595487233
0.97159837623883
0.97159837623883
0.97167045514146
0.97167045514146
0.97174219467303
0.97174219467303
0.97181359788800
0.97181359788800
0.97188466780314
0.97188466780314
0.97195540739810
0.97195540739810
0.97202581961599
0.97202581961599
0.97209590736398
0.97209590736398
0.97216567351387
0.97216567351387
0.97223512090265
0.97223512090265
0.97230425233301
0.97230425233301
0.97237307057391
0.97237307057391
0.97244157836112
0.97244157836112
0.97250977839769
0.97250977839769
0.97257767335449
0.97257767335449
0.97264526587071
0.97264526587071
0.97271255855430
0.97271255855430
0.97277955398253
0.97277955398253
0.97284625470238
0.97284625470238
0.97291266323104
0.97291266323104
0.97297878205635
0.97297878205635
0.97304461363727
0.97304461363727
0.97311016040427
0.97311016040427
0.97317542475980
0.97317542475980
0.97324040907868
0.97324040907868
0.97330511570852
0.97330511570852
0.97336954697015
0.97336954697015
0.97343370515798
0.97343370515798
0.97349759254040
0.97349759254040
0.97356121136018
0.97356121136018
0.97362456383484
0.97362456383484
0.97368765215700
0.97368765215700
0.97375047849477
0.97375047849477
0.97381304499209
0.97381304499209
0.97387535376909
0.97387535376909
0.97393740692242
0.97393740692242
0.97399920652561
0.97399920652561
0.97406075462937
0.97406075462937
0.97412205326195
0.97412205326195
0.97418310442944
0.97418310442944
0.97424391011610
0.97424391011610
0.97430447228465
0.97430447228465
0.97436479287660
0.97436479287660
0.97442487381252
0.97442487381252
0.97448471699234
0.97448471699234
0.97454432429568
0.97454432429568
0.97460369758208
0.97460369758208
0.97466283869129
0.97466283869129
0.97472174944358
0.97472174944358
0.97478043163997
0.97478043163997
0.97483888706251
0.97483888706251
0.97489711747455
0.97489711747455
0.97495512462098
0.97495512462098
0.97501291022850
0.97501291022850
0.97507047600585
0.97507047600585
0.97512782364405
0.97512782364405
0.97518495481669
0.97518495481669
0.97524187118008
0.97524187118008
0.97529857437358
0.97529857437358
0.97535506601974
0.97535506601974
0.97541134772459
0.97541134772459
0.97546742107781
0.97546742107781
0.97552328765300
0.97552328765300
0.97557894900784
0.97557894900784
0.97563440668434
0.97563440668434
0.97568966220903
0.97568966220903
0.97574471709317
0.97574471709317
0.97579957283296
0.97579957283296
0.97585423090970
0.97585423090970
0.97590869279003
0.97590869279003
0.97596295992608
0.97596295992608
0.97601703375571
0.97601703375571
0.97607091570263
0.97607091570263
0.97612460717664
0.97612460717664
0.97617810957378
0.97617810957378
0.97623142427652
0.97623142427652
0.97628455265389
0.97628455265389
0.97633749606174
0.97633749606174
0.97639025584283
0.97639025584283
0.97644283332701
0.97644283332701
0.97649522983142
0.97649522983142
0.97654744666060
0.97654744666060
0.97659948510672
0.97659948510672
0.97665134644964
0.97665134644964
0.97670303195714
0.97670303195714
0.97675454288504
0.97675454288504
0.97680588047737
0.97680588047737
0.97685704596648
0.97685704596648
0.97690804057321
0.97690804057321
0.97695886550706
0.97695886550706
0.97700952196625
0.97700952196625
0.97706001113796
0.97706001113796
0.97711033419836
0.97711033419836
0.97716049231284
0.97716049231284
0.97721048663608
0.97721048663608
0.97726031831221
0.97726031831221
0.97730998847493
0.97730998847493
0.97735949824763
0.97735949824763
0.97740884874352
0.97740884874352
0.97745804106575
0.97745804106575
0.97750707630754
0.97750707630754
0.97755595555230
0.97755595555230
0.97760467987372
0.97760467987372
0.97765325033593
0.97765325033593
0.97770166799358
0.97770166799358
0.97774993389196
0.97774993389196
0.97779804906712
0.97779804906712
0.97784601454598
0.97784601454598
0.97789383134642
0.97789383134642
0.97794150047740
0.97794150047740
0.97798902293907
0.97798902293907
0.97803639972286
0.97803639972286
0.97808363181160
0.97808363181160
0.97813072017959
0.97813072017959
0.97817766579273
0.97817766579273
0.97822446960861
0.97822446960861
0.97827113257658
0.97827113257658
0.97831765563790
0.97831765563790
0.97836403972578
0.97836403972578
0.97841028576548
0.97841028576548
0.97845639467445
0.97845639467445
0.97850236736235
0.97850236736235
0.97854820473120
0.97854820473120
0.97859390767541
0.97859390767541
0.97863947708193
0.97863947708193
0.97868491383028
0.97868491383028
0.97873021879266
0.97873021879266
0.97877539283402
0.97877539283402
0.97882043681218
0.97882043681218
0.97886535157784
0.97886535157784
0.97891013797473
0.97891013797473
0.97895479683965
0.97895479683965
0.97899932900255
0.97899932900255
0.97904373528662
0.97904373528662
0.97908801650835
0.97908801650835
0.97913217347763
0.97913217347763
0.97917620699779
0.97917620699779
0.97922011786568
0.97922011786568
0.97926390687178
0.97926390687178
0.97930757480021
0.97930757480021
0.97935112242885
0.97935112242885
0.97939455052938
0.97939455052938
0.97943785986735
0.97943785986735
0.97948105120228
0.97948105120228
0.97952412528766
0.97952412528766
0.97956708287109
0.97956708287109
0.97960992469430
0.97960992469430
0.97965265149321
0.97965265149321
0.97969526399802
0.97969526399802
0.97973776293325
0.97973776293325
0.97978014901782
0.97978014901782
0.97982242296510
0.97982242296510
0.97986458548294
0.97986458548294
0.97990663727381
0.97990663727381
0.97994857903476
0.97994857903476
0.97999041145755
0.97999041145755
0.98003213522866
0.98003213522866
0.98007375102940
0.98007375102940
0.98011525953591
0.98011525953591
0.98015666141923
0.98015666141923
0.98019795734538
0.98019795734538
0.98023914797538
0.98023914797538
0.98028023396534
0.98028023396534
0.98032121596645
0.98032121596645
0.98036209462511
0.98036209462511
0.98040287058293
0.98040287058293
0.98044354447677
0.98044354447677
0.98048411693884
0.98048411693884
0.98052458859671
0.98052458859671
0.98056496007336
0.98056496007336
0.98060523198726
0.98060523198726
0.98064540495236
0.98064540495236
0.98068547957821
0.98068547957821
0.98072545646993
0.98072545646993
0.98076533622831
0.98076533622831
0.98080511944984
0.98080511944984
0.98084480672675
0.98084480672675
0.98088439864705
0.98088439864705
0.98092389579459
0.98092389579459
0.98096329874907
0.98096329874907
0.98100260808614
0.98100260808614
0.98104182437737
0.98104182437737
0.98108094819035
0.98108094819035
0.98111998008871
0.98111998008871
0.98115892063215
0.98115892063215
0.98119777037650
0.98119777037650
0.98123652987374
0.98123652987374
0.98127519967204
0.98127519967204
0.98131378031584
0.98131378031584
0.98135227234584
0.98135227234584
0.98139067629903
0.98139067629903
0.98142899270878
0.98142899270878
0.98146722210484
0.98146722210484
0.98150536501338
0.98150536501338
0.98154342195704
0.98154342195704
0.98158139345494
0.98158139345494
0.98161928002276
0.98161928002276
0.98165708217273
0.98165708217273
0.98169480041366
0.98169480041366
0.98173243525104
0.98173243525104
0.98176998718700
0.98176998718700
0.98180745672038
0.98180745672038
0.98184484434676
0.98184484434676
0.98188215055848
0.98188215055848
0.98191937584470
0.98191937584470
0.98195652069139
0.98195652069139
0.98199358558140
0.98199358558140
0.98203057099447
0.98203057099447
0.98206747740729
0.98206747740729
0.98210430529347
0.98210430529347
0.98214105512363
0.98214105512363
0.98217772736542
0.98217772736542
0.98221432248352
0.98221432248352
0.98225084093969
0.98225084093969
0.98228728319280
0.98228728319280
0.98232364969887
0.98232364969887
0.98235994091107
0.98235994091107
0.98239615727975
0.98239615727975
0.98243229925251
0.98243229925251
0.98246836727419
0.98246836727419
0.98250436178688
0.98250436178688
0.98254028323002
0.98254028323002
0.98257613204033
0.98257613204033
0.98261190865191
0.98261190865191
0.98264761349626
0.98264761349626
0.98268324700225
0.98268324700225
0.98271880959622
0.98271880959622
0.98275430170195
0.98275430170195
0.98278972374071
0.98278972374071
0.98282507613128
0.98282507613128
0.98286035928997
0.98286035928997
0.98289557363065
0.98289557363065
0.98293071956480
0.98293071956480
0.98296579750146
0.98296579750146
0.98300080784734
0.98300080784734
0.98303575100680
0.98303575100680
0.98307062738185
0.98307062738185
0.98310543737223
0.98310543737223
0.98314018137541
0.98314018137541
0.98317485978657
0.98317485978657
0.98320947299870
0.98320947299870
0.98324402140257
0.98324402140257
0.98327850538674
0.98327850538674
0.98331292533764
0.98331292533764
0.98334728163953
0.98334728163953
0.98338157467458
0.98338157467458
0.98341580482282
0.98341580482282
0.98344997246224
0.98344997246224
0.98348407796874
0.98348407796874
0.98351812171621
0.98351812171621
0.98355210407651
0.98355210407651
0.98358602541950
0.98358602541950
0.98361988611307
0.98361988611307
0.98365368652315
0.98365368652315
0.98368742701373
0.98368742701373
0.98372110794691
0.98372110794691
0.98375472968285
0.98375472968285
0.98378829257986
0.98378829257986
0.98382179699438
0.98382179699438
0.98385524328102
0.98385524328102
0.98388863179256
0.98388863179256
0.98392196287999
0.98392196287999
0.98395523689248
0.98395523689248
0.98398845417749
0.98398845417749
0.98402161508068
0.98402161508068
0.98405471994601
0.98405471994601
0.98408776911572
0.98408776911572
0.98412076293035
0.98412076293035
0.98415370172878
0.98415370172878
0.98418658584822
0.98418658584822
0.98421941562423
0.98421941562423
0.98425219139076
0.98425219139076
0.98428491348014
0.98428491348014
0.98431758222312
0.98431758222312
0.98435019794887
0.98435019794887
0.98438276098501
0.98438276098501
0.98441527165760
0.98441527165760
0.98444773029120
0.98444773029120
0.98448013720886
0.98448013720886
0.98451249273210
0.98451249273210
0.98454479718102
0.98454479718102
0.98457705087422
0.98457705087422
0.98460925412886
0.98460925412886
0.98464140726070
0.98464140726070
0.98467351058405
0.98467351058405
0.98470556441185
0.98470556441185
0.98473756905565
0.98473756905565
0.98476952482561
0.98476952482561
0.98480143203057
0.98480143203057
0.98483329097803
0.98483329097803
0.98486510197414
0.98486510197414
0.98489686532378
0.98489686532378
0.98492858133051
0.98492858133051
0.98496025029663
0.98496025029663
0.98499187252316
0.98499187252316
0.98502344830989
0.98502344830989
0.98505497795536
0.98505497795536
0.98508646175689
0.98508646175689
0.98511790001062
0.98511790001062
0.98514929301147
0.98514929301147
0.98518064105318
0.98518064105318
0.98521194442835
0.98521194442835
0.98524320342842
0.98524320342842
0.98527441834369
0.98527441834369
0.98530558946333
0.98530558946333
0.98533671707542
0.98533671707542
0.98536780146693
0.98536780146693
0.98539884292376
0.98539884292376
0.98542984173074
0.98542984173074
0.98546079817163
0.98546079817163
0.98549171252916
0.98549171252916
0.98552258508504
0.98552258508504
0.98555341611994
0.98555341611994
0.98558420591356
0.98558420591356
0.98561495474459
0.98561495474459
0.98564566289073
0.98564566289073
0.98567633062876
0.98567633062876
0.98570695823447
0.98570695823447
0.98573754598272
0.98573754598272
0.98576809414746
0.98576809414746
0.98579860300172
0.98579860300172
0.98582907281762
0.98582907281762
0.98585950386641
0.98585950386641
0.98588989641845
0.98588989641845
0.98592025074324
0.98592025074324
0.98595056710944
0.98595056710944
0.98598084578487
0.98598084578487
0.98601108703651
0.98601108703651
0.98604129113055
0.98604129113055
0.98607145833237
0.98607145833237
0.98610158890654
0.98610158890654
0.98613168311690
0.98613168311690
0.98616174122647
0.98616174122647
0.98619176349757
0.98619176349757
0.98622175019175
0.98622175019175
0.98625170156983
0.98625170156983
0.98628161789193
0.98628161789193
0.98631149941746
0.98631149941746
0.98634134640513
0.98634134640513
0.98637115911298
0.98637115911298
0.98640093779837
0.98640093779837
0.98643068271803
0.98643068271803
0.98646039412801
0.98646039412801
0.98649007228375
0.98649007228375
0.98651971744006
0.98651971744006
0.98654932985114
0.98654932985114
0.98657890977061
0.98657890977061
0.98660845745147
0.98660845745147
0.98663797314618
0.98663797314618
0.98666745710662
0.98666745710662
0.98669690958411
0.98669690958411
0.98672633082947
0.98672633082947
0.98675572109294
0.98675572109294
0.98678508062429
0.98678508062429
0.98681440967275
0.98681440967275
0.98684370848708
0.98684370848708
0.98687297731556
0.98687297731556
0.98690221640600
0.98690221640600
0.98693142600572
0.98693142600572
0.98696060636165
0.98696060636165
0.98698975772025
0.98698975772025
0.98701888032755
0.98701888032755
0.98704797442920
0.98704797442920
0.98707704027043
0.98707704027043
0.98710607809609
0.98710607809609
0.98713508815065
0.98713508815065
0.98716407067822
0.98716407067822
0.98719302592256
0.98719302592256
0.98722195412707
0.98722195412707
0.98725085553486
0.98725085553486
0.98727973038868
0.98727973038868
0.98730857893100
0.98730857893100
0.98733740140400
0.98733740140400
0.98736619804957
0.98736619804957
0.98739496910932
0.98739496910932
0.98742371482462
0.98742371482462
0.98745243543658
0.98745243543658
0.98748113118609
0.98748113118609
0.98750980231381
0.98750980231381
0.98753844906019
0.98753844906019
0.98756707166549
0.98756707166549
0.98759567036977
0.98759567036977
0.98762424541293
0.98762424541293
0.98765279703470
0.98765279703470
0.98768132547466
0.98768132547466
0.98770983097227
0.98770983097227
0.98773831376685
0.98773831376685
0.98776677409761
0.98776677409761
0.98779521220365
0.98779521220365
0.98782362832400
0.98782362832400
0.98785202269762
0.98785202269762
0.98788039556338
0.98788039556338
0.98790874716013
0.98790874716013
0.98793707772667
0.98793707772667
0.98796538750176
0.98796538750176
0.98799367672419
0.98799367672419
0.98802194563270
0.98802194563270
0.98805019446610
0.98805019446610
0.98807842346317
0.98807842346317
0.98810663286278
0.98810663286278
0.98813482290383
0.98813482290383
0.98816299382529
0.98816299382529
0.98819114586621
0.98819114586621
0.98821927926573
0.98821927926573
0.98824739426311
0.98824739426311
0.98827549109772
0.98827549109772
0.98830357000908
0.98830357000908
0.98833163123684
0.98833163123684
0.98835967502081
0.98835967502081
0.98838770160100
0.98838770160100
0.98841571121760
0.98841571121760
0.98844370411099
0.98844370411099
0.98847168052179
0.98847168052179
0.98849964069084
0.98849964069084
0.98852758485924
0.98852758485924
0.98855551326833
0.98855551326833
0.98858342615976
0.98858342615976
0.98861132377545
0.98861132377545
0.98863920635764
0.98863920635764
0.98866707414886
0.98866707414886
0.98869492739203
0.98869492739203
0.98872276633039
0.98872276633039
0.98875059120754
0.98875059120754
0.98877840226750
0.98877840226750
0.98880619975466
0.98880619975466
0.98883398391384
0.98883398391384
0.98886175499028
0.98886175499028
0.98888951322969
0.98888951322969
0.98891725887822
0.98891725887822
0.98894499218252
0.98894499218252
0.98897271338974
0.98897271338974
0.98900042274752
0.98900042274752
0.98902812050407
0.98902812050407
0.98905580690812
0.98905580690812
0.98908348220898
0.98908348220898
0.98911114665654
0.98911114665654
0.98913880050131
0.98913880050131
0.98916644399439
0.98916644399439
0.98919407738755
0.98919407738755
0.98922170093320
0.98922170093320
0.98924931488443
0.98924931488443
0.98927691949504
0.98927691949504
0.98930451501951
0.98930451501951
0.98933210171308
0.98933210171308
0.98935967983176
0.98935967983176
0.98938724963229
0.98938724963229
0.98941481137223
0.98941481137223
0.98944236530996
0.98944236530996
0.98946991170468
0.98946991170468
0.98949745081644
0.98949745081644
0.98952498290619
0.98952498290619
0.98955250823575
0.98955250823575
0.98958002706788
0.98958002706788
0.98960753966627
0.98960753966627
0.98963504629559
0.98963504629559
0.98966254722147
0.98966254722147
0.98969004271056
0.98969004271056
0.98971753303056
0.98971753303056
0.98974501845019
0.98974501845019
0.98977249923928
0.98977249923928
0.98979997566876
0.98979997566876
0.98982744801066
0.98982744801066
0.98985491653820
0.98985491653820
0.98988238152575
0.98988238152575
0.98990984324890
0.98990984324890
0.98993730198446
0.98993730198446
0.98996475801049
0.98996475801049
0.98999221160635
0.98999221160635
0.99001966305270
0.99001966305270
0.99004711263153
0.99004711263153
0.99007456062620
0.99007456062620
0.99010200732146
0.99010200732146
0.99012945300349
0.99012945300349
0.99015689795992
0.99015689795992
0.99018434247984
0.99018434247984
0.99021178685389
0.99021178685389
0.99023923137420
0.99023923137420
0.99026667633452
0.99026667633452
0.99029412203017
0.99029412203017
0.99032156875813
0.99032156875813
0.99034901681704
0.99034901681704
0.99037646650723
0.99037646650723
0.99040391813078
0.99040391813078
0.99043137199153
0.99043137199153
0.99045882839514
0.99045882839514
0.99048628764909
0.99048628764909
0.99051375006276
0.99051375006276
0.99054121594741
0.99054121594741
0.99056868561629
0.99056868561629
0.99059615938462
0.99059615938462
0.99062363756962
0.99062363756962
0.99065112049063
0.99065112049063
0.99067860846905
0.99067860846905
0.99070610182845
0.99070610182845
0.99073360089460
0.99073360089460
0.99076110599546
0.99076110599546
0.99078861746130
0.99078861746130
0.99081613562470
0.99081613562470
0.99084366082060
0.99084366082060
0.99087119338634
0.99087119338634
0.99089873366173
0.99089873366173
0.99092628198908
0.99092628198908
0.99095383871322
0.99095383871322
0.99098140418162
0.99098140418162
0.99100897874438
0.99100897874438
0.99103656275428
0.99103656275428
0.99106415656690
0.99106415656690
0.99109176054057
0.99109176054057
0.99111937503652
0.99111937503652
0.99114700041888
0.99114700041888
0.99117463705473
0.99117463705473
0.99120228531420
0.99120228531420
0.99122994557051
0.99122994557051
0.99125761820000
0.99125761820000
0.99128530358223
0.99128530358223
0.99131300210004
0.99131300210004
0.99134071413958
0.99134071413958
0.99136844009041
0.99136844009041
0.99139618034555
0.99139618034555
0.99142393530154
0.99142393530154
0.99145170535852
0.99145170535852
0.99147949092032
0.99147949092032
0.99150729239449
0.99150729239449
0.99153511019239
0.99153511019239
0.99156294472929
0.99156294472929
0.99159079642442
0.99159079642442
0.99161866570104
0.99161866570104
0.99164655298654
0.99164655298654
0.99167445871253
0.99167445871253
0.99170238331490
0.99170238331490
0.99173032723392
0.99173032723392
0.99175829091431
0.99175829091431
0.99178627480535
0.99178627480535
0.99181427936099
0.99181427936099
0.99184230503987
0.99184230503987
0.99187035230550
0.99187035230550
0.99189842162632
0.99189842162632
0.99192651347578
0.99192651347578
0.99195462833249
0.99195462833249
0.99198276668029
0.99198276668029
0.99201092900837
0.99201092900837
0.99203911581137
0.99203911581137
0.99206732758953
0.99206732758953
0.99209556484874
0.99209556484874
0.99212382810073
0.99212382810073
0.99215211786313
0.99215211786313
0.99218043465965
0.99218043465965
0.99220877902016
0.99220877902016
0.99223715148085
0.99223715148085
0.99226555258435
0.99226555258435
0.99229398287989
0.99229398287989
0.99232244292339
0.99232244292339
0.99235093327768
0.99235093327768
0.99237945451259
0.99237945451259
0.99240800720511
0.99240800720511
0.99243659193956
0.99243659193956
0.99246520930777
0.99246520930777
0.99249385990920
0.99249385990920
0.99252254435113
0.99252254435113
0.99255126324885
0.99255126324885
0.99258001722580
0.99258001722580
0.99260880691382
0.99260880691382
0.99263763295324
0.99263763295324
0.99266649599317
0.99266649599317
0.99269539669165
0.99269539669165
0.99272433571585
0.99272433571585
0.99275331374230
0.99275331374230
0.99278233145710
0.99278233145710
0.99281138955614
0.99281138955614
0.99284048874534
0.99284048874534
0.99286962974085
0.99286962974085
0.99289881326935
0.99289881326935
0.99292804006825
0.99292804006825
0.99295731088596
0.99295731088596
0.99298662648216
0.99298662648216
0.99301598762809
0.99301598762809
0.99304539510680
0.99304539510680
0.99307484971343
0.99307484971343
0.99310435225555
0.99310435225555
0.99313390355344
0.99313390355344
0.99316350444042
0.99316350444042
0.99319315576316
0.99319315576316
0.99322285838200
0.99322285838200
0.99325261317137
0.99325261317137
0.99328242102007
0.99328242102007
0.99331228283166
0.99331228283166
0.99334219952488
0.99334219952488
0.99337217203399
0.99337217203399
0.99340220130922
0.99340220130922
0.99343228831716
0.99343228831716
0.99346243404121
0.99346243404121
0.99349263948203
0.99349263948203
0.99352290565800
0.99352290565800
0.99355323360570
0.99355323360570
0.99358362438041
0.99358362438041
0.99361407905661
0.99361407905661
0.99364459872853
0.99364459872853
0.99367518451070
0.99367518451070
0.99370583753849
0.99370583753849
0.99373655896876
0.99373655896876
0.99376734998038
0.99376734998038
0.99379821177497
0.99379821177497
0.99382914557747
0.99382914557747
0.99386015263687
0.99386015263687
0.99389123422689
0.99389123422689
0.99392239164674
0.99392239164674
0.99395362622184
0.99395362622184
0.99398493930464
0.99398493930464
0.99401633227545
0.99401633227545
0.99404780654326
0.99404780654326
0.99407936354662
0.99407936354662
0.99411100475460
0.99411100475460
0.99414273166773
0.99414273166773
0.99417454581897
0.99417454581897
0.99420644877475
0.99420644877475
0.99423844213610
0.99423844213610
0.99427052753970
0.99427052753970
0.99430270665908
0.99430270665908
0.99433498120585
0.99433498120585
0.99436735293094
0.99436735293094
0.99439982362595
0.99439982362595
0.99443239512452
0.99443239512452
0.99446506930375
0.99446506930375
0.99449784808574
0.99449784808574
0.99453073343914
0.99453073343914
0.99456372738079
0.99456372738079
0.99459683197745
0.99459683197745
0.99463004934759
0.99463004934759
0.99466338166324
0.99466338166324
0.99469683115200
0.99469683115200
0.99473040009909
0.99473040009909
0.99476409084946
0.99476409084946
0.99479790581012
0.99479790581012
0.99483184745245
0.99483184745245
0.99486591831476
0.99486591831476
0.99490012100482
0.99490012100482
0.99493445820267
0.99493445820267
0.99496893266347
0.99496893266347
0.99500354722054
0.99500354722054
0.99503830478858
0.99503830478858
0.99507320836698
0.99507320836698
0.99510826104341
0.99510826104341
0.99514346599753
0.99514346599753
0.99517882650490
0.99517882650490
0.99521434594121
0.99521434594121
0.99525002778658
0.99525002778658
0.99528587563024
0.99528587563024
0.99532189317546
0.99532189317546
0.99535808424466
0.99535808424466
0.99539445278500
0.99539445278500
0.99543100287412
0.99543100287412
0.99546773872639
0.99546773872639
0.99550466469941
0.99550466469941
0.99554178530099
0.99554178530099
0.99557910519657
0.99557910519657
0.99561662921710
0.99561662921710
0.99565436236739
0.99565436236739
0.99569230983510
0.99569230983510
0.99573047700026
0.99573047700026
0.99576886944546
0.99576886944546
0.99580749296673
0.99580749296673
0.99584635358524
0.99584635358524
0.99588545755969
0.99588545755969
0.99592481139980
0.99592481139980
0.99596442188059
0.99596442188059
0.99600429605786
0.99600429605786
0.99604444128476
0.99604444128476
0.99608486522975
0.99608486522975
0.99612557589579
0.99612557589579
0.99616658164124
0.99616658164124
0.99620789120238
0.99620789120238
0.99624951371777
0.99624951371777
0.99629145875473
0.99629145875473
0.99633373633801
0.99633373633801
0.99637635698110
0.99637635698110
0.99641933172016
0.99641933172016
0.99646267215124
0.99646267215124
0.99650639047078
0.99650639047078
0.99655049952009
0.99655049952009
0.99659501283406
0.99659501283406
0.99663994469475
0.99663994469475
0.99668531019040
0.99668531019040
0.99673112528050
0.99673112528050
0.99677740686786
0.99677740686786
0.99682417287847
0.99682417287847
0.99687144235020
0.99687144235020
0.99691923553170
0.99691923553170
0.99696757399285
0.99696757399285
0.99701648074849
0.99701648074849
0.99706598039745
0.99706598039745
0.99711609927918
0.99711609927918
0.99716686565092
0.99716686565092
0.99721830988866
0.99721830988866
0.99727046471603
0.99727046471603
0.99732336546581
0.99732336546581
0.99737705038028
0.99737705038028
0.99743156095727
0.99743156095727
0.99748694235107
0.99748694235107
0.99754324383897
0.99754324383897
0.99760051936712
0.99760051936712
0.99765882819293
0.99765882819293
0.99771823564554
0.99771823564554
0.99777881403215
0.99777881403215
0.99784064372580
0.99784064372580
0.99790381448115
0.99790381448115
0.99796842703938
0.99796842703938
0.99803459510386
0.99803459510386
0.99810244779697
0.99810244779697
0.99817213274921
0.99817213274921
0.99824382003172
0.99824382003172
0.99831770723149
0.99831770723149
0.99839402610308
0.99839402610308
0.99847305143936
0.99847305143936
0.99855511313842
0.99855511313842
0.99864061299562
0.99864061299562
0.99873004869748
0.99873004869748
0.99882404918845
0.99882404918845
0.99892342877274
0.99892342877274
0.99902927369551
0.99902927369551
0.99914308869596
0.99914308869596
0.99926706352394
0.99926706352394
0.99940460608635
0.99940460608635
0.99956156132648
0.99956156132648
0.99974962481241
0.99974962481241
1.0000000000000
