4.8873334708687e-598
2.6184099401127e-297
1.2760856655673e-180
1.0769001611512e-121
1.5861389691181e-87
6.9888298621587e-66
2.7328578204101e-51
5.5429263766654e-41
1.9633700090827e-33
9.6714304371384e-28
2.4073230298292e-23
6.9943254964799e-20
4.1646436717212e-17
7.5050475682507e-15
5.3999871753092e-13
1.8971828353910e-11
3.7779173882069e-10
4.7710317770769e-9
4.1640559341256e-8
2.6848240546903e-7
1.3475383824971e-6
5.4883240566981e-6
0.000018753659422498
0.000055232760072927
0.00014333006229196
0.00033371671193864
0.00070768710498635
0.0013841053012589
0.0025230744088086
0.0043249563755014
0.0070242379504902
0.010878701684729
0.016155156978415
0.023113453634721
0.031990599185635
0.042986588499358
0.056253139159723
0.071886027551017
0.089921237503286
0.11033473175360
0.13304536848463
0.15792031550753
0.18478224967564
0.21341764576823
0.24358553165922
0.27502619127404
0.30746941414574
0.34064200598179
0.37427437918311
0.40810613057287
0.44189058378885
0.47539832623156
0.50841980691071
0.54076708449813
0.57227482710509
0.60280066938879
0.63222503088327
0.66045049388368
0.68740083131156
0.71301976589230
0.73726953248793
0.76012930608444
0.78159354906137
0.80167032315056
0.82037960399943
0.83775162950154
0.85382530702118
0.86864669927291
0.88226760387303
0.89474423740669
0.90613603120616
0.91650454287180
0.92591248484932
0.93442286907382
0.94209826477049
0.94900016493511
0.95518845577669
0.96072098246033
0.96565320381261
0.97003792821688
0.97392512270116
0.97736178718174
0.98039188594061
0.98305632866064
0.98539299369239
0.98743678665773
0.98921972798710
0.99077106351880
0.99211739284429
0.99328281064692
0.99428905684110
0.99515567186339
0.99590015398843
0.99653811603352
0.99708343927272
0.99754842279942
0.99794392695518
0.99827950978073
0.99856355574257
0.99880339624771
0.99900542167990
0.99917518487760
0.99931749612739
0.99943650987111
0.99953580342269
0.99961844806482
0.99968707294922
0.99974392225981
0.99979090611907
0.99982964572543
0.99986151320775
0.99988766667191
0.99990908089785
0.99992657412347
0.99994083132665
0.99995242438908
0.99996182949698
0.99996944210474
0.99997558975841
0.99998054304811
0.99998452493124
0.99998771864296
0.99999027438634
0.99999231497251
0.99999394056085
0.99999523263033
0.99999625729665
0.99999706807465
0.99999770817179
0.99999821238678
0.99999860867665
0.99999891944656
0.99999916260817
0.99999935244588
0.99999950032354
0.99999961525966
0.99999970439409
0.99999977336573
0.99999982661736
0.99999986764094
0.99999989917453
0.99999992335996
0.99999994186863
0.99999995600177
0.99999996677003
0.99999997495649
0.99999998116649
0.99999998586686
0.99999998941679
0.99999999209197
0.99999999410354
0.99999999561281
0.99999999674273
0.99999999758679
0.99999999821594
0.99999999868388
0.99999999903115
0.99999999928831
0.99999999947832
0.99999999961842
0.99999999972149
0.99999999979715
0.99999999985257
0.99999999989308
0.99999999992262
0.99999999994412
0.99999999995973
0.99999999997104
0.99999999997922
0.99999999998512
0.99999999998937
0.99999999999242
0.99999999999461
0.99999999999617
0.99999999999729
0.99999999999808
0.99999999999865
0.99999999999905
0.99999999999933
0.99999999999953
0.99999999999967
0.99999999999977
0.99999999999984
0.99999999999989
0.99999999999992
0.99999999999995
0.99999999999996
0.99999999999998
0.99999999999998
0.99999999999999
0.99999999999999
0.99999999999999
1.0000000000000
1.0000000000000
1.0000000000000
1.0000000000000
1.0000000000000
1.0000000000000
1.0000000000000
1.0000000000000
1.0000000000000
1.0000000000000
1.0000000000000
1.0000000000000
1.0000000000000
1.0000000000000
1.0000000000000
1.0000000000000
1.0000000000000
1.0000000000000
1.0000000000000
1.0000000000000
1.0000000000000
1.0000000000000
1.0000000000000
1.0000000000000
1.0000000000000
1.0000000000000
1.0000000000000
1.0000000000000
1.0000000000000
1.0000000000000
1.0000000000000
1.0000000000000
1.0000000000000
1.0000000000000
1.0000000000000
1.0000000000000
1.0000000000000
1.0000000000000
1.0000000000000
1.0000000000000
1.0000000000000
1.0000000000000
1.0000000000000
1.0000000000000
1.0000000000000
1.0000000000000
1.0000000000000
1.0000000000000
1.0000000000000
1.0000000000000
1.0000000000000
1.0000000000000
1.0000000000000
1.0000000000000
1.0000000000000
1.0000000000000
1.0000000000000
1.0000000000000
1.0000000000000
1.0000000000000
1.0000000000000
1.0000000000000
1.0000000000000
1.0000000000000
1.0000000000000
1.0000000000000
1.0000000000000
1.0000000000000
1.0000000000000
1.0000000000000
1.0000000000000
1.0000000000000
1.0000000000000
1.0000000000000
1.0000000000000
1.0000000000000
1.0000000000000
1.0000000000000
1.0000000000000
1.0000000000000
1.0000000000000
1.0000000000000
1.0000000000000
1.0000000000000
1.0000000000000
1.0000000000000
1.0000000000000
1.0000000000000
1.0000000000000
1.0000000000000
1.0000000000000
1.0000000000000
1.0000000000000
1.0000000000000
1.0000000000000
1.0000000000000
1.0000000000000
1.0000000000000
1.0000000000000
1.0000000000000
1.0000000000000
1.0000000000000
1.0000000000000
1.0000000000000
1.0000000000000
1.0000000000000
1.0000000000000
1.0000000000000
1.0000000000000
1.0000000000000
1.0000000000000
1.0000000000000
1.0000000000000
1.0000000000000
1.0000000000000
1.0000000000000
1.0000000000000
1.0000000000000
1.0000000000000
1.0000000000000
1.0000000000000
1.0000000000000
1.0000000000000
1.0000000000000
1.0000000000000
1.0000000000000
1.0000000000000
1.0000000000000
1.0000000000000
1.0000000000000
1.0000000000000
1.0000000000000
1.0000000000000
1.0000000000000
1.0000000000000
1.0000000000000
1.0000000000000
1.0000000000000
1.0000000000000
1.0000000000000
1.0000000000000
1.0000000000000
1.0000000000000
1.0000000000000
1.0000000000000
1.0000000000000
1.0000000000000
1.0000000000000
1.0000000000000
1.0000000000000
1.0000000000000
1.0000000000000
1.0000000000000
1.0000000000000
1.0000000000000
1.0000000000000
1.0000000000000
1.0000000000000
1.0000000000000
1.0000000000000
1.0000000000000
1.0000000000000
1.0000000000000
1.0000000000000
1.0000000000000
1.0000000000000
1.0000000000000
1.0000000000000
1.0000000000000
1.0000000000000
1.0000000000000
1.0000000000000
1.0000000000000
1.0000000000000
1.0000000000000
1.0000000000000
1.0000000000000
1.0000000000000
1.0000000000000
1.0000000000000
1.0000000000000
1.0000000000000
1.0000000000000
1.0000000000000
1.0000000000000
1.0000000000000
1.0000000000000
1.0000000000000
1.0000000000000
1.0000000000000
1.0000000000000
1.0000000000000
1.0000000000000
1.0000000000000
1.0000000000000
1.0000000000000
1.0000000000000
1.0000000000000
1.0000000000000
1.0000000000000
1.0000000000000
1.0000000000000
1.0000000000000
1.0000000000000
1.0000000000000
1.0000000000000
1.0000000000000
1.0000000000000
1.0000000000000
1.0000000000000
1.0000000000000
1.0000000000000
1.0000000000000
1.0000000000000
1.0000000000000
1.0000000000000
1.0000000000000
1.0000000000000
1.0000000000000
1.0000000000000
1.0000000000000
1.0000000000000
1.0000000000000
1.0000000000000
1.0000000000000
1.0000000000000
1.0000000000000
1.0000000000000
1.0000000000000
1.0000000000000
1.0000000000000
1.0000000000000
1.0000000000000
1.0000000000000
1.0000000000000
1.0000000000000
1.0000000000000
1.0000000000000
1.0000000000000
1.0000000000000
1.0000000000000
1.0000000000000
1.0000000000000
1.0000000000000
1.0000000000000
1.0000000000000
1.0000000000000
1.0000000000000
1.0000000000000
1.0000000000000
1.0000000000000
1.0000000000000
1.0000000000000
1.0000000000000
1.0000000000000
1.0000000000000
1.0000000000000
1.0000000000000
1.0000000000000
1.0000000000000
1.0000000000000
1.0000000000000
1.0000000000000
1.0000000000000
1.0000000000000
1.0000000000000
1.0000000000000
1.0000000000000
1.0000000000000
1.0000000000000
1.0000000000000
1.0000000000000
1.0000000000000
1.0000000000000
1.0000000000000
1.0000000000000
1.0000000000000
1.0000000000000
1.0000000000000
1.0000000000000
1.0000000000000
1.0000000000000
1.0000000000000
1.0000000000000
1.0000000000000
1.0000000000000
1.0000000000000
1.0000000000000
1.0000000000000
1.0000000000000
1.0000000000000
1.0000000000000
1.0000000000000
1.0000000000000
1.0000000000000
1.0000000000000
1.0000000000000
1.0000000000000
1.0000000000000
1.0000000000000
1.0000000000000
1.0000000000000
1.0000000000000
1.0000000000000
1.0000000000000
1.0000000000000
1.0000000000000
1.0000000000000
1.0000000000000
1.0000000000000
1.0000000000000
1.0000000000000
1.0000000000000
1.0000000000000
1.0000000000000
1.0000000000000
1.0000000000000
1.0000000000000
1.0000000000000
1.0000000000000
1.0000000000000
1.0000000000000
1.0000000000000
1.0000000000000
1.0000000000000
1.0000000000000
1.0000000000000
1.0000000000000
1.0000000000000
1.0000000000000
1.0000000000000
1.0000000000000
1.0000000000000
1.0000000000000
1.0000000000000
1.0000000000000
1.0000000000000
1.0000000000000
1.0000000000000
1.0000000000000
1.0000000000000
1.0000000000000
1.0000000000000
1.0000000000000
1.0000000000000
1.0000000000000
1.0000000000000
1.0000000000000
1.0000000000000
1.0000000000000
1.0000000000000
1.0000000000000
1.0000000000000
1.0000000000000
1.0000000000000
1.0000000000000
1.0000000000000
1.0000000000000
1.0000000000000
1.0000000000000
1.0000000000000
1.0000000000000
1.0000000000000
1.0000000000000
1.0000000000000
1.0000000000000
1.0000000000000
1.0000000000000
1.0000000000000
1.0000000000000
1.0000000000000
1.0000000000000
1.0000000000000
1.0000000000000
1.0000000000000
1.0000000000000
1.0000000000000
1.0000000000000
1.0000000000000
1.0000000000000
1.0000000000000
1.0000000000000
1.0000000000000
1.0000000000000
1.0000000000000
1.0000000000000
1.0000000000000
1.0000000000000
1.0000000000000
1.0000000000000
1.0000000000000
1.0000000000000
1.0000000000000
1.0000000000000
1.0000000000000
1.0000000000000
1.0000000000000
1.0000000000000
1.0000000000000
1.0000000000000
1.0000000000000
1.0000000000000
1.0000000000000
1.0000000000000
1.0000000000000
1.0000000000000
1.0000000000000
1.0000000000000
1.0000000000000
1.0000000000000
1.0000000000000
1.0000000000000
1.0000000000000
1.0000000000000
1.0000000000000
1.0000000000000
1.0000000000000
1.0000000000000
1.0000000000000
1.0000000000000
1.0000000000000
1.0000000000000
1.0000000000000
1.0000000000000
1.0000000000000
1.0000000000000
1.0000000000000
1.0000000000000
1.0000000000000
1.0000000000000
1.0000000000000
1.0000000000000
1.0000000000000
1.0000000000000
1.0000000000000
1.0000000000000
1.0000000000000
1.0000000000000
1.0000000000000
1.0000000000000
1.0000000000000
1.0000000000000
1.0000000000000
1.0000000000000
1.0000000000000
1.0000000000000
1.0000000000000
1.0000000000000
1.0000000000000
1.0000000000000
1.0000000000000
1.0000000000000
1.0000000000000
1.0000000000000
1.0000000000000
1.0000000000000
1.0000000000000
1.0000000000000
1.0000000000000
1.0000000000000
1.0000000000000
1.0000000000000
1.0000000000000
1.0000000000000
1.0000000000000
1.0000000000000
1.0000000000000
1.0000000000000
1.0000000000000
1.0000000000000
1.0000000000000
1.0000000000000
1.0000000000000
1.0000000000000
1.0000000000000
1.0000000000000
1.0000000000000
1.0000000000000
1.0000000000000
1.0000000000000
1.0000000000000
1.0000000000000
1.0000000000000
1.0000000000000
1.0000000000000
1.0000000000000
1.0000000000000
1.0000000000000
1.0000000000000
1.0000000000000
1.0000000000000
1.0000000000000
1.0000000000000
1.0000000000000
1.0000000000000
1.0000000000000
1.0000000000000
1.0000000000000
1.0000000000000
1.0000000000000
1.0000000000000
1.0000000000000
1.0000000000000
1.0000000000000
1.0000000000000
1.0000000000000
1.0000000000000
1.0000000000000
1.0000000000000
1.0000000000000
1.0000000000000
1.0000000000000
1.0000000000000
1.0000000000000
1.0000000000000
1.0000000000000
1.0000000000000
1.0000000000000
1.0000000000000
1.0000000000000
1.0000000000000
1.0000000000000
1.0000000000000
1.0000000000000
1.0000000000000
1.0000000000000
1.0000000000000
1.0000000000000
1.0000000000000
1.0000000000000
1.0000000000000
1.0000000000000
1.0000000000000
1.0000000000000
1.0000000000000
1.0000000000000
1.0000000000000
1.0000000000000
1.0000000000000
1.0000000000000
1.0000000000000
1.0000000000000
1.0000000000000
1.0000000000000
1.0000000000000
1.0000000000000
1.0000000000000
1.0000000000000
1.0000000000000
1.0000000000000
1.0000000000000
1.0000000000000
1.0000000000000
1.0000000000000
1.0000000000000
1.0000000000000
1.0000000000000
1.0000000000000
1.0000000000000
1.0000000000000
1.0000000000000
1.0000000000000
1.0000000000000
1.0000000000000
1.0000000000000
1.0000000000000
1.0000000000000
1.0000000000000
1.0000000000000
1.0000000000000
1.0000000000000
1.0000000000000
1.0000000000000
1.0000000000000
1.0000000000000
1.0000000000000
1.0000000000000
1.0000000000000
1.0000000000000
1.0000000000000
1.0000000000000
1.0000000000000
1.0000000000000
1.0000000000000
1.0000000000000
1.0000000000000
1.0000000000000
1.0000000000000
1.0000000000000
1.0000000000000
1.0000000000000
1.0000000000000
1.0000000000000
1.0000000000000
1.0000000000000
1.0000000000000
1.0000000000000
1.0000000000000
1.0000000000000
1.0000000000000
1.0000000000000
1.0000000000000
1.0000000000000
1.0000000000000
1.0000000000000
1.0000000000000
1.0000000000000
1.0000000000000
1.0000000000000
1.0000000000000
1.0000000000000
1.0000000000000
1.0000000000000
1.0000000000000
1.0000000000000
1.0000000000000
1.0000000000000
1.0000000000000
1.0000000000000
1.0000000000000
1.0000000000000
1.0000000000000
1.0000000000000
1.0000000000000
1.0000000000000
1.0000000000000
1.0000000000000
1.0000000000000
1.0000000000000
1.0000000000000
1.0000000000000
1.0000000000000
1.0000000000000
1.0000000000000
1.0000000000000
1.0000000000000
1.0000000000000
1.0000000000000
1.0000000000000
1.0000000000000
1.0000000000000
1.0000000000000
1.0000000000000
1.0000000000000
1.0000000000000
1.0000000000000
1.0000000000000
1.0000000000000
1.0000000000000
1.0000000000000
1.0000000000000
1.0000000000000
1.0000000000000
1.0000000000000
1.0000000000000
1.0000000000000
1.0000000000000
1.0000000000000
1.0000000000000
1.0000000000000
1.0000000000000
1.0000000000000
1.0000000000000
1.0000000000000
1.0000000000000
1.0000000000000
1.0000000000000
1.0000000000000
1.0000000000000
1.0000000000000
1.0000000000000
1.0000000000000
1.0000000000000
1.0000000000000
1.0000000000000
1.0000000000000
1.0000000000000
1.0000000000000
1.0000000000000
1.0000000000000
1.0000000000000
1.0000000000000
1.0000000000000
1.0000000000000
1.0000000000000
1.0000000000000
1.0000000000000
1.0000000000000
1.0000000000000
1.0000000000000
1.0000000000000
1.0000000000000
1.0000000000000
1.0000000000000
1.0000000000000
1.0000000000000
1.0000000000000
1.0000000000000
1.0000000000000
1.0000000000000
1.0000000000000
1.0000000000000
1.0000000000000
1.0000000000000
1.0000000000000
1.0000000000000
1.0000000000000
1.0000000000000
1.0000000000000
1.0000000000000
1.0000000000000
1.0000000000000
1.0000000000000
1.0000000000000
1.0000000000000
1.0000000000000
1.0000000000000
1.0000000000000
1.0000000000000
1.0000000000000
1.0000000000000
1.0000000000000
1.0000000000000
1.0000000000000
1.0000000000000
1.0000000000000
1.0000000000000
1.0000000000000
1.0000000000000
1.0000000000000
1.0000000000000
1.0000000000000
1.0000000000000
1.0000000000000
1.0000000000000
1.0000000000000
1.0000000000000
1.0000000000000
1.0000000000000
1.0000000000000
1.0000000000000
1.0000000000000
1.0000000000000
1.0000000000000
1.0000000000000
1.0000000000000
1.0000000000000
1.0000000000000
1.0000000000000
1.0000000000000
1.0000000000000
1.0000000000000
1.0000000000000
1.0000000000000
1.0000000000000
1.0000000000000
1.0000000000000
1.0000000000000
1.0000000000000
1.0000000000000
1.0000000000000
1.0000000000000
1.0000000000000
1.0000000000000
1.0000000000000
1.0000000000000
1.0000000000000
1.0000000000000
1.0000000000000
1.0000000000000
1.0000000000000
1.0000000000000
1.0000000000000
1.0000000000000
1.0000000000000
1.0000000000000
1.0000000000000
1.0000000000000
1.0000000000000
1.0000000000000
1.0000000000000
1.0000000000000
1.0000000000000
1.0000000000000
1.0000000000000
1.0000000000000
1.0000000000000
1.0000000000000
1.0000000000000
1.0000000000000
1.0000000000000
1.0000000000000
1.0000000000000
1.0000000000000
1.0000000000000
1.0000000000000
1.0000000000000
1.0000000000000
1.0000000000000
1.0000000000000
1.0000000000000
1.0000000000000
1.0000000000000
1.0000000000000
1.0000000000000
1.0000000000000
1.0000000000000
1.0000000000000
