4.8873334708687e-598
2.4412279560324e-592
4.0565315488445e-587
3.3635813485863e-582
1.6700518159521e-577
5.5169050614516e-573
1.2991550356679e-568
2.2898908629066e-564
3.1329272665933e-560
3.4221665827993e-556
3.0522931660740e-552
2.2640898460457e-548
1.4181856334165e-544
7.5988437101396e-541
3.5215588209377e-537
1.4251167955416e-533
5.0784062908529e-530
1.6053515446137e-526
4.5313283238211e-523
1.1487879716636e-519
2.6296872340564e-516
5.4612278602700e-513
1.0334315623021e-509
1.7889469003490e-506
2.8432363868811e-503
4.1627222885188e-500
5.6315546622558e-497
7.0599841952587e-494
8.2234347821754e-491
8.9216868035538e-488
9.0361515181421e-485
8.5624274170122e-482
7.6061122189921e-479
6.3460482402962e-476
4.9818739789661e-473
3.6860432880609e-470
2.5745150155583e-467
1.7000018275942e-464
1.0627707487484e-461
6.2987097988650e-459
3.5435749379825e-456
1.8946922315669e-453
9.6393227590567e-451
4.6713826046720e-448
2.1587075617339e-445
9.5220312824840e-443
4.0130232817682e-440
1.6174133796178e-437
6.2396739368914e-435
2.3060184468887e-432
8.1710410959327e-430
2.7780851401646e-427
9.0697211963050e-425
2.8453577003294e-422
8.5837485990981e-420
2.4917581287621e-417
6.9647365069011e-415
1.8756190889055e-412
4.8695360657043e-410
1.2195130383803e-407
2.9477163422344e-405
6.8805272767276e-403
1.5517554942243e-400
3.3830767754284e-398
7.1334874943442e-396
1.4554634597187e-393
2.8748261891965e-391
5.4995637988806e-389
1.0193913956577e-386
1.8316138546797e-384
3.1914349057023e-382
5.3947457677959e-380
8.8502970011936e-378
1.4096486074245e-375
2.1806695874508e-373
3.2775579063729e-371
4.7878858996600e-369
6.8001355142434e-367
9.3932381729855e-365
1.2623420905010e-362
1.6509700591066e-360
2.1020100252924e-358
2.6061151119069e-356
3.1473297847685e-354
3.7034316406261e-352
4.2471781815449e-350
4.7484132625079e-348
5.1768251183763e-346
5.5050069486195e-344
5.7113861662003e-342
5.7825829551137e-340
5.7148382273202e-338
5.5143008329178e-336
5.1961526670377e-334
4.7827381884470e-332
4.3010134655363e-330
3.7797118085785e-328
3.2466277690889e-326
2.7263560099378e-324
2.2387075734090e-322
1.7978919771131e-320
1.4124275857639e-318
1.0856464507608e-316
8.1660472908711e-315
6.0119677002138e-313
4.3329246830403e-311
3.0576119742871e-309
2.1129822301645e-307
1.4301963205118e-305
9.4831914328475e-304
6.1608948433321e-302
3.9222344713234e-300
2.4473302206505e-298
1.4968848975560e-296
8.9760940532679e-295
5.2778215600271e-293
3.0433671818951e-291
1.7212709966043e-289
9.5499525772760e-288
5.1984156775777e-286
2.7766321141940e-284
1.4554656085164e-282
7.4882365343468e-281
3.7818816675537e-279
1.8751798669476e-277
9.1293417646853e-276
4.3646715792631e-274
2.0494267871936e-272
9.4522301910404e-271
4.2826116478007e-269
1.9063660246608e-267
8.3382891399599e-266
3.5840146570702e-264
1.5140252206623e-262
6.2865814811573e-261
2.5660255133222e-259
1.0297185592760e-257
4.0628681927235e-256
1.5763343665902e-254
6.0146381460861e-253
2.2571462331034e-251
8.3318562195665e-250
3.0255054486115e-248
1.0808609551771e-246
3.7992550797116e-245
1.3140873812893e-243
4.4728781369755e-242
1.4983946580119e-240
4.9406085472673e-239
1.6035701588754e-237
5.1237326560460e-236
1.6118072249224e-234
4.9923443768846e-233
1.5226389525326e-231
4.5732608386583e-230
1.3527789627836e-228
3.9412525779249e-227
1.1310518623083e-225
3.1974621279726e-224
8.9050489105176e-223
2.4434764354474e-221
6.6062264486369e-220
1.7599661022663e-218
4.6205361704612e-217
1.1954982499389e-215
3.0486312180601e-214
7.6628567417375e-213
1.8986131851911e-211
4.6373724880591e-210
1.1166743314001e-208
2.6511185419626e-207
6.2059527505907e-206
1.4324938874252e-204
3.2606939125645e-203
7.3196082717552e-202
1.6205165600279e-200
3.5386196467436e-199
7.6217675574404e-198
1.6193668002181e-196
3.3941300523226e-195
7.0182872289901e-194
1.4317876173543e-192
2.8820132243487e-191
5.7241109932926e-190
1.1218617832849e-188
2.1697721492845e-187
4.1414873322074e-186
7.8017074840260e-185
1.4505661108350e-183
2.6620921492949e-182
4.8224666285598e-181
8.6237985841523e-180
1.5224168846697e-178
2.6533609343788e-177
4.5657141123365e-176
7.7569750480782e-175
1.3012741019359e-173
2.1555548155970e-172
3.5260153608659e-171
5.6959333134385e-170
9.0870236868839e-169
1.4317749911325e-167
2.2281493401316e-166
3.4249172249403e-165
5.2001008056878e-164
7.7991769762039e-163
1.1555276544606e-161
1.6913188596336e-160
2.4456992167764e-159
3.4940702380803e-158
4.9320751635437e-157
6.8788439246943e-156
9.4799707053182e-155
1.2909879127991e-153
1.7373154674084e-152
2.3104364807160e-151
3.0365857298382e-150
3.9443040065826e-149
5.0636714103879e-148
6.4252164410892e-147
8.0584916494663e-146
9.9903334800076e-145
1.2242856183525e-143
1.4831265052632e-142
1.7761609568473e-141
2.1028628438095e-140
2.4613861671587e-139
2.8484215637475e-138
3.2591161974741e-137
3.6870728131228e-136
4.1244395713013e-135
4.5620964442013e-134
4.9899368192839e-133
5.3972351160587e-132
5.7730834022462e-131
6.1068730036151e-130
6.3887917185214e-129
6.6103041349532e-128
6.7645821558685e-127
6.8468553415820e-126
6.8546559383605e-125
6.7879410369965e-124
6.6490834906839e-123
6.4427331348538e-122
6.1755595334698e-121
5.8558960041894e-120
5.4933112697897e-119
5.0981391954870e-118
4.6809984344487e-117
4.2523324493225e-116
3.8219966158654e-115
3.3989134787334e-114
2.9908103978203e-113
2.6040465320981e-112
2.2435290629350e-111
1.9127123627779e-110
1.6136689131080e-109
1.3472174275675e-108
1.1130919138703e-107
9.1013521488274e-107
7.3650167610607e-106
5.8985567817521e-105
4.6755549462033e-104
3.6681493793941e-103
2.8483823223099e-102
2.1892625367409e-101
1.6655454252548e-100
1.2542522057993e-99
9.3496124040951e-99
6.8991117005864e-98
5.0395758004594e-97
3.6442346399010e-96
2.6087979508865e-95
1.8488703079584e-94
1.2972222247888e-93
9.0110249831312e-93
6.1972034084972e-92
4.2197704845238e-91
2.8448745695307e-90
1.8990143122623e-89
1.2551444169000e-88
8.2142694872363e-88
5.3230842734368e-87
3.4157506717899e-86
2.1704341132821e-85
1.3656952332666e-84
8.5097492477617e-84
5.2510297372606e-83
3.2088234488878e-82
1.9419122739928e-81
1.1638702397360e-80
6.9084298360761e-80
4.0612764654137e-79
2.3646272192456e-78
1.3636037270194e-77
7.7883849050526e-77
4.4060422787042e-76
2.4688810466455e-75
1.3702823940480e-74
7.5333211520655e-74
4.1023942620052e-73
2.2129457565657e-72
1.1824818464343e-71
6.2591643021075e-71
3.2820419472907e-70
1.7048473267573e-69
8.7729987592494e-69
4.4723873227772e-68
2.2587439603518e-67
1.1301557175913e-66
5.6022259520562e-66
2.7513213153876e-65
1.3387133846367e-64
6.4536689285231e-64
3.0825183220646e-63
1.4587861180224e-62
6.8402433543377e-62
3.1779891192799e-61
1.4629890305221e-60
6.6733572619100e-60
3.0162622454581e-59
1.3508961230346e-58
5.9952819181627e-58
2.6365661330678e-57
1.1489885106379e-56
4.9618903015977e-56
2.1234377401250e-55
9.0053209852363e-55
3.7847090101748e-54
1.5763248013458e-53
6.5064646710758e-53
2.6615631797064e-52
1.0790136857541e-51
4.3353251831209e-51
1.7263426049894e-50
6.8131643826061e-50
2.6649756725093e-49
1.0331562788304e-48
3.9698401250237e-48
1.5118894357064e-47
5.7070648706466e-47
2.1352908739496e-46
7.9187820083315e-46
2.9108675546369e-45
1.0606077021898e-44
3.8305478914274e-44
1.3713435723245e-43
4.8664956502600e-43
1.7118924330673e-42
5.9694183096604e-42
2.0634229662370e-41
7.0705055461553e-41
2.4017281501842e-40
8.0874866208211e-40
2.6997576394867e-39
8.9343415183851e-39
2.9311087903813e-38
9.5331835476185e-38
3.0738705343389e-37
9.8260670218345e-37
3.1140479818312e-36
9.7842414723251e-36
3.0478257138212e-35
9.4128032595410e-35
2.8821625200325e-34
8.7497026270802e-34
2.6335898274080e-33
7.8593681781998e-33
2.3255002559491e-32
6.8224282762993e-32
1.9845403405095e-31
5.7237908073442e-31
1.6368727281481e-30
4.6414946018919e-30
1.3050194029259e-29
3.6382844036048e-29
1.0057758910242e-28
2.7569888598845e-28
7.4938034562965e-28
2.0197952044266e-27
5.3982668782350e-27
1.4306965803454e-26
3.7600279162107e-26
9.7991653071039e-26
2.5324781016192e-25
6.4903034533660e-25
1.6494952146469e-24
4.1572669216766e-24
1.0390574653121e-23
2.5754316177310e-23
6.3305762852372e-23
1.5432034428485e-22
3.7307294785866e-22
8.9445578239022e-22
2.1267792715617e-21
5.0151999392189e-21
1.1728979296872e-20
2.7204587864960e-20
6.2580331015976e-20
1.4277465823104e-19
3.2306190507487e-19
7.2501247960666e-19
1.6137419075194e-18
3.5625032896131e-18
7.8003268129324e-18
1.6939881503922e-17
3.6488136877475e-17
7.7954368566128e-17
1.6518871244462e-16
3.4719631195238e-16
7.2381627440184e-16
1.4967310403694e-15
3.0699057549082e-15
6.2456242034663e-15
1.2603752271518e-14
2.5229041213876e-14
5.0093594076973e-14
9.8661538051389e-14
1.9275315969659e-13
3.7354830190792e-13
7.1810404799080e-13
1.3693896951723e-12
2.5904161999230e-12
4.8609214939449e-12
9.0485295709635e-12
1.6709042109536e-11
3.0608571325025e-11
5.5623251871944e-11
1.0027562555850e-10
1.7933455695392e-10
3.1817505984751e-10
5.6002293893725e-10
9.7788336436478e-10
1.6940020581393e-9
2.9113241803041e-9
4.9638784429165e-9
8.3967240611019e-9
1.4091625656839e-8
2.3462763019154e-8
3.8758636542998e-8
6.3523384153029e-8
1.0329496761639e-7
1.6665171795630e-7
2.6676589721192e-7
4.2368745001095e-7
6.6766816630422e-7
1.0439522667782e-6
1.6196111713274e-6
2.4931959955751e-6
3.8082297568450e-6
5.7718709559228e-6
8.6804588533266e-6
0.000012954104002234
0.000019183017341869
0.000028188873544812
0.000041105167309559
0.000059481221934364
0.000085415211059044
0.00012172220368269
0.00017214376753175
0.00024160597475077
0.00033653263537545
0.00046522010978603
0.00063827898128590
0.00086914606091860
0.0011746675144027
0.0015757502360296
0.0020980738802895
0.0027728501968376
0.0036376095817412
0.0047369872467067
0.0061234734279582
0.0078580840465205
0.010010900757695
0.012661423067137
0.015898670903282
0.019820974515333
0.024535390581094
0.030156689628313
0.036805870784713
0.044608175700219
0.053690594117058
0.064178878491257
0.076194113357352
0.089848915417920
0.10524337089107
0.12246084542777
0.14156382671496
0.16258997850084
0.18554859518646
0.21041764666176
0.23714159261771
0.26563012373515
0.29575795433720
0.32736574854777
0.36026221178754
0.39422732433291
0.42901663696211
0.46436649400451
0.50000000000000
0.53563350599549
0.57098336303789
0.60577267566709
0.63973778821246
0.67263425145223
0.70424204566280
0.73436987626485
0.76285840738229
0.78958235333824
0.81445140481354
0.83741002149916
0.85843617328504
0.87753915457223
0.89475662910893
0.91015108458208
0.92380588664265
0.93582112150874
0.94630940588294
0.95539182429978
0.96319412921529
0.96984331037169
0.97546460941891
0.98017902548467
0.98410132909672
0.98733857693286
0.98998909924231
0.99214191595348
0.99387652657204
0.99526301275329
0.99636239041826
0.99722714980316
0.99790192611971
0.99842424976397
0.99882533248560
0.99913085393908
0.99936172101871
0.99953477989021
0.99966346736462
0.99975839402525
0.99982785623247
0.99987827779632
0.99991458478894
0.99994051877807
0.99995889483269
0.99997181112646
0.99998081698266
0.99998704589600
0.99999131954115
0.99999422812904
0.99999619177024
0.99999750680400
0.99999838038883
0.99999895604773
0.99999933233183
0.99999957631255
0.99999973323410
0.99999983334828
0.99999989670503
0.99999993647662
0.99999996124136
0.99999997653724
0.99999998590837
0.99999999160328
0.99999999503612
0.99999999708868
0.99999999830600
0.99999999902212
0.99999999943998
0.99999999968182
0.99999999982067
0.99999999989972
0.99999999994438
0.99999999996939
0.99999999998329
0.99999999999095
0.99999999999514
0.99999999999741
0.99999999999863
0.99999999999928
0.99999999999963
0.99999999999981
0.99999999999990
0.99999999999995
0.99999999999997
0.99999999999999
0.99999999999999
1.0000000000000
1.0000000000000
1.0000000000000
1.0000000000000
1.0000000000000
1.0000000000000
1.0000000000000
1.0000000000000
1.0000000000000
1.0000000000000
1.0000000000000
1.0000000000000
1.0000000000000
1.0000000000000
1.0000000000000
1.0000000000000
1.0000000000000
1.0000000000000
1.0000000000000
1.0000000000000
1.0000000000000
1.0000000000000
1.0000000000000
1.0000000000000
1.0000000000000
1.0000000000000
1.0000000000000
1.0000000000000
1.0000000000000
1.0000000000000
1.0000000000000
1.0000000000000
1.0000000000000
1.0000000000000
1.0000000000000
1.0000000000000
1.0000000000000
1.0000000000000
1.0000000000000
1.0000000000000
1.0000000000000
1.0000000000000
1.0000000000000
1.0000000000000
1.0000000000000
1.0000000000000
1.0000000000000
1.0000000000000
1.0000000000000
1.0000000000000
1.0000000000000
1.0000000000000
1.0000000000000
1.0000000000000
1.0000000000000
1.0000000000000
1.0000000000000
1.0000000000000
1.0000000000000
1.0000000000000
1.0000000000000
1.0000000000000
1.0000000000000
1.0000000000000
1.0000000000000
1.0000000000000
1.0000000000000
1.0000000000000
1.0000000000000
1.0000000000000
1.0000000000000
1.0000000000000
1.0000000000000
1.0000000000000
1.0000000000000
1.0000000000000
1.0000000000000
1.0000000000000
1.0000000000000
1.0000000000000
1.0000000000000
1.0000000000000
1.0000000000000
1.0000000000000
1.0000000000000
1.0000000000000
1.0000000000000
1.0000000000000
1.0000000000000
1.0000000000000
1.0000000000000
1.0000000000000
1.0000000000000
1.0000000000000
1.0000000000000
1.0000000000000
1.0000000000000
1.0000000000000
1.0000000000000
1.0000000000000
1.0000000000000
1.0000000000000
1.0000000000000
1.0000000000000
1.0000000000000
1.0000000000000
1.0000000000000
1.0000000000000
1.0000000000000
1.0000000000000
1.0000000000000
1.0000000000000
1.0000000000000
1.0000000000000
1.0000000000000
1.0000000000000
1.0000000000000
1.0000000000000
1.0000000000000
1.0000000000000
1.0000000000000
1.0000000000000
1.0000000000000
1.0000000000000
1.0000000000000
1.0000000000000
1.0000000000000
1.0000000000000
1.0000000000000
1.0000000000000
1.0000000000000
1.0000000000000
1.0000000000000
1.0000000000000
1.0000000000000
1.0000000000000
1.0000000000000
1.0000000000000
1.0000000000000
1.0000000000000
1.0000000000000
1.0000000000000
1.0000000000000
1.0000000000000
1.0000000000000
1.0000000000000
1.0000000000000
1.0000000000000
1.0000000000000
1.0000000000000
1.0000000000000
1.0000000000000
1.0000000000000
1.0000000000000
1.0000000000000
1.0000000000000
1.0000000000000
1.0000000000000
1.0000000000000
1.0000000000000
1.0000000000000
1.0000000000000
1.0000000000000
1.0000000000000
1.0000000000000
1.0000000000000
1.0000000000000
1.0000000000000
1.0000000000000
1.0000000000000
1.0000000000000
1.0000000000000
1.0000000000000
1.0000000000000
1.0000000000000
1.0000000000000
1.0000000000000
1.0000000000000
1.0000000000000
1.0000000000000
1.0000000000000
1.0000000000000
1.0000000000000
1.0000000000000
1.0000000000000
1.0000000000000
1.0000000000000
1.0000000000000
1.0000000000000
1.0000000000000
1.0000000000000
1.0000000000000
1.0000000000000
1.0000000000000
1.0000000000000
1.0000000000000
1.0000000000000
1.0000000000000
1.0000000000000
1.0000000000000
1.0000000000000
1.0000000000000
1.0000000000000
1.0000000000000
1.0000000000000
1.0000000000000
1.0000000000000
1.0000000000000
1.0000000000000
1.0000000000000
1.0000000000000
1.0000000000000
1.0000000000000
1.0000000000000
1.0000000000000
1.0000000000000
1.0000000000000
1.0000000000000
1.0000000000000
1.0000000000000
1.0000000000000
1.0000000000000
1.0000000000000
1.0000000000000
1.0000000000000
1.0000000000000
1.0000000000000
1.0000000000000
1.0000000000000
1.0000000000000
1.0000000000000
1.0000000000000
1.0000000000000
1.0000000000000
1.0000000000000
1.0000000000000
1.0000000000000
1.0000000000000
1.0000000000000
1.0000000000000
1.0000000000000
1.0000000000000
1.0000000000000
1.0000000000000
1.0000000000000
1.0000000000000
1.0000000000000
1.0000000000000
1.0000000000000
1.0000000000000
1.0000000000000
1.0000000000000
1.0000000000000
1.0000000000000
1.0000000000000
1.0000000000000
1.0000000000000
1.0000000000000
1.0000000000000
1.0000000000000
1.0000000000000
1.0000000000000
1.0000000000000
1.0000000000000
1.0000000000000
1.0000000000000
1.0000000000000
1.0000000000000
1.0000000000000
1.0000000000000
1.0000000000000
1.0000000000000
1.0000000000000
1.0000000000000
1.0000000000000
1.0000000000000
1.0000000000000
1.0000000000000
1.0000000000000
1.0000000000000
1.0000000000000
1.0000000000000
1.0000000000000
1.0000000000000
1.0000000000000
1.0000000000000
1.0000000000000
1.0000000000000
1.0000000000000
1.0000000000000
1.0000000000000
1.0000000000000
1.0000000000000
1.0000000000000
1.0000000000000
1.0000000000000
1.0000000000000
1.0000000000000
1.0000000000000
1.0000000000000
1.0000000000000
1.0000000000000
1.0000000000000
1.0000000000000
1.0000000000000
1.0000000000000
1.0000000000000
1.0000000000000
1.0000000000000
1.0000000000000
1.0000000000000
1.0000000000000
1.0000000000000
1.0000000000000
1.0000000000000
1.0000000000000
1.0000000000000
1.0000000000000
1.0000000000000
1.0000000000000
1.0000000000000
1.0000000000000
1.0000000000000
1.0000000000000
1.0000000000000
1.0000000000000
1.0000000000000
1.0000000000000
1.0000000000000
1.0000000000000
1.0000000000000
1.0000000000000
1.0000000000000
1.0000000000000
1.0000000000000
1.0000000000000
1.0000000000000
1.0000000000000
1.0000000000000
1.0000000000000
1.0000000000000
1.0000000000000
1.0000000000000
1.0000000000000
1.0000000000000
1.0000000000000
1.0000000000000
1.0000000000000
1.0000000000000
1.0000000000000
1.0000000000000
1.0000000000000
1.0000000000000
1.0000000000000
1.0000000000000
1.0000000000000
1.0000000000000
1.0000000000000
1.0000000000000
1.0000000000000
1.0000000000000
1.0000000000000
1.0000000000000
1.0000000000000
1.0000000000000
1.0000000000000
1.0000000000000
1.0000000000000
1.0000000000000
1.0000000000000
1.0000000000000
1.0000000000000
1.0000000000000
1.0000000000000
1.0000000000000
1.0000000000000
1.0000000000000
1.0000000000000
1.0000000000000
1.0000000000000
1.0000000000000
1.0000000000000
1.0000000000000
1.0000000000000
1.0000000000000
1.0000000000000
1.0000000000000
1.0000000000000
1.0000000000000
1.0000000000000
1.0000000000000
1.0000000000000
1.0000000000000
1.0000000000000
1.0000000000000
1.0000000000000
1.0000000000000
1.0000000000000
1.0000000000000
1.0000000000000
1.0000000000000
1.0000000000000
1.0000000000000
1.0000000000000
1.0000000000000
1.0000000000000
1.0000000000000
1.0000000000000
1.0000000000000
1.0000000000000
1.0000000000000
1.0000000000000
1.0000000000000
1.0000000000000
