0.25037518759380
0.50075037518759
0.68843773413998
0.81343726445095
0.89144449013374
0.93815493520157
0.96533433617012
0.98081864205754
0.98949794159062
0.99430039041099
0.99692978546649
0.99835678658770
0.99912546644011
0.99953687004227
0.99975582143759
0.99987177150446
0.99993290402838
0.99996500704013
0.99998180489737
0.99999056550234
0.99999512066278
0.99999748257346
0.99999870409410
0.99999933431360
0.99999965873039
0.99999982537610
0.99999991080728
0.99999995452088
0.99999997684818
0.99999998823264
0.99999999402799
0.99999999697353
0.99999999846839
0.99999999922594
0.99999999960930
0.99999999980305
0.99999999990084
0.99999999995013
0.99999999997495
0.99999999998743
0.99999999999370
0.99999999999685
0.99999999999842
0.99999999999921
0.99999999999961
0.99999999999980
0.99999999999990
0.99999999999995
0.99999999999998
0.99999999999999
0.99999999999999
1.0000000000000
1.0000000000000
1.0000000000000
1.0000000000000
1.0000000000000
1.0000000000000
1.0000000000000
1.0000000000000
1.0000000000000
1.0000000000000
1.0000000000000
1.0000000000000
1.0000000000000
1.0000000000000
1.0000000000000
1.0000000000000
1.0000000000000
1.0000000000000
1.0000000000000
1.0000000000000
1.0000000000000
1.0000000000000
1.0000000000000
1.0000000000000
1.0000000000000
1.0000000000000
1.0000000000000
1.0000000000000
1.0000000000000
1.0000000000000
1.0000000000000
1.0000000000000
1.0000000000000
1.0000000000000
1.0000000000000
1.0000000000000
1.0000000000000
1.0000000000000
1.0000000000000
1.0000000000000
1.0000000000000
1.0000000000000
1.0000000000000
1.0000000000000
1.0000000000000
1.0000000000000
1.0000000000000
1.0000000000000
1.0000000000000
1.0000000000000
1.0000000000000
1.0000000000000
1.0000000000000
1.0000000000000
1.0000000000000
1.0000000000000
1.0000000000000
1.0000000000000
1.0000000000000
1.0000000000000
1.0000000000000
1.0000000000000
1.0000000000000
1.0000000000000
1.0000000000000
1.0000000000000
1.0000000000000
1.0000000000000
1.0000000000000
1.0000000000000
1.0000000000000
1.0000000000000
1.0000000000000
1.0000000000000
1.0000000000000
1.0000000000000
1.0000000000000
1.0000000000000
1.0000000000000
1.0000000000000
1.0000000000000
1.0000000000000
1.0000000000000
1.0000000000000
1.0000000000000
1.0000000000000
1.0000000000000
1.0000000000000
1.0000000000000
1.0000000000000
1.0000000000000
1.0000000000000
1.0000000000000
1.0000000000000
1.0000000000000
1.0000000000000
1.0000000000000
1.0000000000000
1.0000000000000
1.0000000000000
1.0000000000000
1.0000000000000
1.0000000000000
1.0000000000000
1.0000000000000
1.0000000000000
1.0000000000000
1.0000000000000
1.0000000000000
1.0000000000000
1.0000000000000
1.0000000000000
1.0000000000000
1.0000000000000
1.0000000000000
1.0000000000000
1.0000000000000
1.0000000000000
1.0000000000000
1.0000000000000
1.0000000000000
1.0000000000000
1.0000000000000
1.0000000000000
1.0000000000000
1.0000000000000
1.0000000000000
1.0000000000000
1.0000000000000
1.0000000000000
1.0000000000000
1.0000000000000
1.0000000000000
1.0000000000000
1.0000000000000
1.0000000000000
1.0000000000000
1.0000000000000
1.0000000000000
1.0000000000000
1.0000000000000
1.0000000000000
1.0000000000000
1.0000000000000
1.0000000000000
1.0000000000000
1.0000000000000
1.0000000000000
1.0000000000000
1.0000000000000
1.0000000000000
1.0000000000000
1.0000000000000
1.0000000000000
1.0000000000000
1.0000000000000
1.0000000000000
1.0000000000000
1.0000000000000
1.0000000000000
1.0000000000000
1.0000000000000
1.0000000000000
1.0000000000000
1.0000000000000
1.0000000000000
1.0000000000000
1.0000000000000
1.0000000000000
1.0000000000000
1.0000000000000
1.0000000000000
1.0000000000000
1.0000000000000
1.0000000000000
1.0000000000000
1.0000000000000
1.0000000000000
1.0000000000000
1.0000000000000
1.0000000000000
1.0000000000000
1.0000000000000
1.0000000000000
1.0000000000000
1.0000000000000
1.0000000000000
1.0000000000000
1.0000000000000
1.0000000000000
1.0000000000000
1.0000000000000
1.0000000000000
1.0000000000000
1.0000000000000
1.0000000000000
1.0000000000000
1.0000000000000
1.0000000000000
1.0000000000000
1.0000000000000
1.0000000000000
1.0000000000000
1.0000000000000
1.0000000000000
1.0000000000000
1.0000000000000
1.0000000000000
1.0000000000000
1.0000000000000
1.0000000000000
1.0000000000000
1.0000000000000
1.0000000000000
1.0000000000000
1.0000000000000
1.0000000000000
1.0000000000000
1.0000000000000
1.0000000000000
1.0000000000000
1.0000000000000
1.0000000000000
1.0000000000000
1.0000000000000
1.0000000000000
1.0000000000000
1.0000000000000
1.0000000000000
1.0000000000000
1.0000000000000
1.0000000000000
1.0000000000000
1.0000000000000
1.0000000000000
1.0000000000000
1.0000000000000
1.0000000000000
1.0000000000000
1.0000000000000
1.0000000000000
1.0000000000000
1.0000000000000
1.0000000000000
1.0000000000000
1.0000000000000
1.0000000000000
1.0000000000000
1.0000000000000
1.0000000000000
1.0000000000000
1.0000000000000
1.0000000000000
1.0000000000000
1.0000000000000
1.0000000000000
1.0000000000000
1.0000000000000
1.0000000000000
1.0000000000000
1.0000000000000
1.0000000000000
1.0000000000000
1.0000000000000
1.0000000000000
1.0000000000000
1.0000000000000
1.0000000000000
1.0000000000000
1.0000000000000
1.0000000000000
1.0000000000000
1.0000000000000
1.0000000000000
1.0000000000000
1.0000000000000
1.0000000000000
1.0000000000000
1.0000000000000
1.0000000000000
1.0000000000000
1.0000000000000
1.0000000000000
1.0000000000000
1.0000000000000
1.0000000000000
1.0000000000000
1.0000000000000
1.0000000000000
1.0000000000000
1.0000000000000
1.0000000000000
1.0000000000000
1.0000000000000
1.0000000000000
1.0000000000000
1.0000000000000
1.0000000000000
1.0000000000000
1.0000000000000
1.0000000000000
1.0000000000000
1.0000000000000
1.0000000000000
1.0000000000000
1.0000000000000
1.0000000000000
1.0000000000000
1.0000000000000
1.0000000000000
1.0000000000000
1.0000000000000
1.0000000000000
1.0000000000000
1.0000000000000
1.0000000000000
1.0000000000000
1.0000000000000
1.0000000000000
1.0000000000000
1.0000000000000
1.0000000000000
1.0000000000000
1.0000000000000
1.0000000000000
1.0000000000000
1.0000000000000
1.0000000000000
1.0000000000000
1.0000000000000
1.0000000000000
1.0000000000000
1.0000000000000
1.0000000000000
1.0000000000000
1.0000000000000
1.0000000000000
1.0000000000000
1.0000000000000
1.0000000000000
1.0000000000000
1.0000000000000
1.0000000000000
1.0000000000000
1.0000000000000
1.0000000000000
1.0000000000000
1.0000000000000
1.0000000000000
1.0000000000000
1.0000000000000
1.0000000000000
1.0000000000000
1.0000000000000
1.0000000000000
1.0000000000000
1.0000000000000
1.0000000000000
1.0000000000000
1.0000000000000
1.0000000000000
1.0000000000000
1.0000000000000
1.0000000000000
1.0000000000000
1.0000000000000
1.0000000000000
1.0000000000000
1.0000000000000
1.0000000000000
1.0000000000000
1.0000000000000
1.0000000000000
1.0000000000000
1.0000000000000
1.0000000000000
1.0000000000000
1.0000000000000
1.0000000000000
1.0000000000000
1.0000000000000
1.0000000000000
1.0000000000000
1.0000000000000
1.0000000000000
1.0000000000000
1.0000000000000
1.0000000000000
1.0000000000000
1.0000000000000
1.0000000000000
1.0000000000000
1.0000000000000
1.0000000000000
1.0000000000000
1.0000000000000
1.0000000000000
1.0000000000000
1.0000000000000
1.0000000000000
1.0000000000000
1.0000000000000
1.0000000000000
1.0000000000000
1.0000000000000
1.0000000000000
1.0000000000000
1.0000000000000
1.0000000000000
1.0000000000000
1.0000000000000
1.0000000000000
1.0000000000000
1.0000000000000
1.0000000000000
1.0000000000000
1.0000000000000
1.0000000000000
1.0000000000000
1.0000000000000
1.0000000000000
1.0000000000000
1.0000000000000
1.0000000000000
1.0000000000000
1.0000000000000
1.0000000000000
1.0000000000000
1.0000000000000
1.0000000000000
1.0000000000000
1.0000000000000
1.0000000000000
1.0000000000000
1.0000000000000
1.0000000000000
1.0000000000000
1.0000000000000
1.0000000000000
1.0000000000000
1.0000000000000
1.0000000000000
1.0000000000000
1.0000000000000
1.0000000000000
1.0000000000000
1.0000000000000
1.0000000000000
1.0000000000000
1.0000000000000
1.0000000000000
1.0000000000000
1.0000000000000
1.0000000000000
1.0000000000000
1.0000000000000
1.0000000000000
1.0000000000000
1.0000000000000
1.0000000000000
1.0000000000000
1.0000000000000
1.0000000000000
1.0000000000000
1.0000000000000
1.0000000000000
1.0000000000000
1.0000000000000
1.0000000000000
1.0000000000000
1.0000000000000
1.0000000000000
1.0000000000000
1.0000000000000
1.0000000000000
1.0000000000000
1.0000000000000
1.0000000000000
1.0000000000000
1.0000000000000
1.0000000000000
1.0000000000000
1.0000000000000
1.0000000000000
1.0000000000000
1.0000000000000
1.0000000000000
1.0000000000000
1.0000000000000
1.0000000000000
1.0000000000000
1.0000000000000
1.0000000000000
1.0000000000000
1.0000000000000
1.0000000000000
1.0000000000000
1.0000000000000
1.0000000000000
1.0000000000000
1.0000000000000
1.0000000000000
1.0000000000000
1.0000000000000
1.0000000000000
1.0000000000000
1.0000000000000
1.0000000000000
1.0000000000000
1.0000000000000
1.0000000000000
1.0000000000000
1.0000000000000
1.0000000000000
1.0000000000000
1.0000000000000
1.0000000000000
1.0000000000000
1.0000000000000
1.0000000000000
1.0000000000000
1.0000000000000
1.0000000000000
1.0000000000000
1.0000000000000
1.0000000000000
1.0000000000000
1.0000000000000
1.0000000000000
1.0000000000000
1.0000000000000
1.0000000000000
1.0000000000000
1.0000000000000
1.0000000000000
1.0000000000000
1.0000000000000
1.0000000000000
1.0000000000000
1.0000000000000
1.0000000000000
1.0000000000000
1.0000000000000
1.0000000000000
1.0000000000000
1.0000000000000
1.0000000000000
1.0000000000000
1.0000000000000
1.0000000000000
1.0000000000000
1.0000000000000
1.0000000000000
1.0000000000000
1.0000000000000
1.0000000000000
1.0000000000000
1.0000000000000
1.0000000000000
1.0000000000000
1.0000000000000
1.0000000000000
1.0000000000000
1.0000000000000
1.0000000000000
1.0000000000000
1.0000000000000
1.0000000000000
1.0000000000000
1.0000000000000
1.0000000000000
1.0000000000000
1.0000000000000
1.0000000000000
1.0000000000000
1.0000000000000
1.0000000000000
1.0000000000000
1.0000000000000
1.0000000000000
1.0000000000000
1.0000000000000
1.0000000000000
1.0000000000000
1.0000000000000
1.0000000000000
1.0000000000000
1.0000000000000
1.0000000000000
1.0000000000000
1.0000000000000
1.0000000000000
1.0000000000000
1.0000000000000
1.0000000000000
1.0000000000000
1.0000000000000
1.0000000000000
1.0000000000000
1.0000000000000
1.0000000000000
1.0000000000000
1.0000000000000
1.0000000000000
1.0000000000000
1.0000000000000
1.0000000000000
1.0000000000000
1.0000000000000
1.0000000000000
1.0000000000000
1.0000000000000
1.0000000000000
1.0000000000000
1.0000000000000
1.0000000000000
1.0000000000000
1.0000000000000
1.0000000000000
1.0000000000000
1.0000000000000
1.0000000000000
1.0000000000000
1.0000000000000
1.0000000000000
1.0000000000000
1.0000000000000
1.0000000000000
1.0000000000000
1.0000000000000
1.0000000000000
1.0000000000000
1.0000000000000
1.0000000000000
1.0000000000000
1.0000000000000
1.0000000000000
1.0000000000000
1.0000000000000
1.0000000000000
1.0000000000000
1.0000000000000
1.0000000000000
1.0000000000000
1.0000000000000
1.0000000000000
1.0000000000000
1.0000000000000
1.0000000000000
1.0000000000000
1.0000000000000
1.0000000000000
1.0000000000000
1.0000000000000
1.0000000000000
1.0000000000000
1.0000000000000
1.0000000000000
1.0000000000000
1.0000000000000
1.0000000000000
1.0000000000000
1.0000000000000
1.0000000000000
1.0000000000000
1.0000000000000
1.0000000000000
1.0000000000000
1.0000000000000
1.0000000000000
1.0000000000000
1.0000000000000
1.0000000000000
1.0000000000000
1.0000000000000
1.0000000000000
1.0000000000000
1.0000000000000
1.0000000000000
1.0000000000000
1.0000000000000
1.0000000000000
1.0000000000000
1.0000000000000
1.0000000000000
1.0000000000000
1.0000000000000
1.0000000000000
1.0000000000000
1.0000000000000
1.0000000000000
1.0000000000000
1.0000000000000
1.0000000000000
1.0000000000000
1.0000000000000
1.0000000000000
1.0000000000000
1.0000000000000
1.0000000000000
1.0000000000000
1.0000000000000
1.0000000000000
1.0000000000000
1.0000000000000
1.0000000000000
1.0000000000000
1.0000000000000
1.0000000000000
1.0000000000000
1.0000000000000
1.0000000000000
1.0000000000000
1.0000000000000
1.0000000000000
1.0000000000000
1.0000000000000
1.0000000000000
1.0000000000000
1.0000000000000
1.0000000000000
1.0000000000000
1.0000000000000
1.0000000000000
1.0000000000000
1.0000000000000
1.0000000000000
1.0000000000000
1.0000000000000
1.0000000000000
1.0000000000000
1.0000000000000
1.0000000000000
1.0000000000000
1.0000000000000
1.0000000000000
1.0000000000000
1.0000000000000
1.0000000000000
1.0000000000000
1.0000000000000
1.0000000000000
1.0000000000000
1.0000000000000
1.0000000000000
1.0000000000000
1.0000000000000
1.0000000000000
1.0000000000000
1.0000000000000
1.0000000000000
1.0000000000000
1.0000000000000
1.0000000000000
1.0000000000000
1.0000000000000
1.0000000000000
1.0000000000000
1.0000000000000
1.0000000000000
1.0000000000000
1.0000000000000
1.0000000000000
1.0000000000000
1.0000000000000
1.0000000000000
1.0000000000000
1.0000000000000
1.0000000000000
1.0000000000000
1.0000000000000
1.0000000000000
1.0000000000000
1.0000000000000
1.0000000000000
1.0000000000000
1.0000000000000
1.0000000000000
1.0000000000000
1.0000000000000
1.0000000000000
1.0000000000000
1.0000000000000
1.0000000000000
1.0000000000000
1.0000000000000
1.0000000000000
1.0000000000000
1.0000000000000
1.0000000000000
1.0000000000000
1.0000000000000
1.0000000000000
1.0000000000000
1.0000000000000
1.0000000000000
1.0000000000000
1.0000000000000
1.0000000000000
1.0000000000000
1.0000000000000
1.0000000000000
1.0000000000000
1.0000000000000
1.0000000000000
1.0000000000000
1.0000000000000
1.0000000000000
1.0000000000000
1.0000000000000
1.0000000000000
1.0000000000000
1.0000000000000
1.0000000000000
1.0000000000000
1.0000000000000
1.0000000000000
1.0000000000000
1.0000000000000
1.0000000000000
1.0000000000000
1.0000000000000
1.0000000000000
1.0000000000000
1.0000000000000
1.0000000000000
1.0000000000000
1.0000000000000
1.0000000000000
1.0000000000000
1.0000000000000
1.0000000000000
1.0000000000000
1.0000000000000
1.0000000000000
1.0000000000000
1.0000000000000
1.0000000000000
1.0000000000000
1.0000000000000
1.0000000000000
1.0000000000000
1.0000000000000
1.0000000000000
1.0000000000000
1.0000000000000
1.0000000000000
1.0000000000000
1.0000000000000
1.0000000000000
1.0000000000000
1.0000000000000
1.0000000000000
1.0000000000000
1.0000000000000
1.0000000000000
1.0000000000000
1.0000000000000
1.0000000000000
1.0000000000000
1.0000000000000
1.0000000000000
1.0000000000000
1.0000000000000
1.0000000000000
1.0000000000000
1.0000000000000
1.0000000000000
1.0000000000000
1.0000000000000
1.0000000000000
1.0000000000000
1.0000000000000
1.0000000000000
1.0000000000000
1.0000000000000
1.0000000000000
1.0000000000000
1.0000000000000
1.0000000000000
1.0000000000000
1.0000000000000
1.0000000000000
1.0000000000000
1.0000000000000
1.0000000000000
1.0000000000000
1.0000000000000
1.0000000000000
1.0000000000000
1.0000000000000
1.0000000000000
1.0000000000000
1.0000000000000
1.0000000000000
1.0000000000000
1.0000000000000
1.0000000000000
1.0000000000000
1.0000000000000
1.0000000000000
1.0000000000000
1.0000000000000
1.0000000000000
1.0000000000000
1.0000000000000
1.0000000000000
1.0000000000000
1.0000000000000
1.0000000000000
1.0000000000000
1.0000000000000
1.0000000000000
1.0000000000000
1.0000000000000
1.0000000000000
1.0000000000000
1.0000000000000
1.0000000000000
1.0000000000000
1.0000000000000
1.0000000000000
1.0000000000000
1.0000000000000
1.0000000000000
1.0000000000000
1.0000000000000
1.0000000000000
1.0000000000000
1.0000000000000
1.0000000000000
1.0000000000000
1.0000000000000
1.0000000000000
1.0000000000000
1.0000000000000
1.0000000000000
1.0000000000000
1.0000000000000
1.0000000000000
1.0000000000000
1.0000000000000
1.0000000000000
1.0000000000000
1.0000000000000
1.0000000000000
1.0000000000000
1.0000000000000
1.0000000000000
