experimental frequency under nntm distribution	expected frequency under uniform distribution
414725	0.000000000000000
0	125187.593796898
112620	0.000000000000000
0	62625.1408127699
71204	0.000000000000000
0	39160.3324129977
45973	0.000000000000000
0	27425.9869453398
33506	0.000000000000000
0	20579.8214446699
25476	0.000000000000000
0	16177.9893494155
20436	0.000000000000000
0	13151.2316540731
16563	0.000000000000000
0	10964.8807997436
14169	0.000000000000000
0	9324.84870433061
11962	0.000000000000000
0	8057.34368564275
10349	0.000000000000000
0	7053.73821898740
9207	0.000000000000000
0	6243.00156676030
8131	0.000000000000000
0	5576.93087518913
7333	0.000000000000000
0	5021.78175005626
6451	0.000000000000000
0	4553.29868598138
5941	0.000000000000000
0	4153.64548670395
5433	0.000000000000000
0	3809.44405592980
5125	0.000000000000000
0	3510.48406975398
4792	0.000000000000000
0	3248.85196613452
4301	0.000000000000000
0	3018.32950565408
4017	0.000000000000000
0	2813.97001107199
3735	0.000000000000000
0	2631.79435151625
3554	0.000000000000000
0	2468.56925426748
3313	0.000000000000000
0	2321.64324806366
3148	0.000000000000000
0	2188.82361501787
2960	0.000000000000000
0	2068.28296100115
2808	0.000000000000000
0	1958.48747180280
2576	0.000000000000000
0	1858.14124729238
2525	0.000000000000000
0	1766.14269454430
2388	0.000000000000000
0	1681.55006278354
2217	0.000000000000000
0	1603.55397780592
2122	0.000000000000000
0	1531.45538528994
2055	0.000000000000000
0	1464.64771002345
1934	0.000000000000000
0	1402.60232776158
1881	0.000000000000000
0	1344.85665968439
1765	0.000000000000000
0	1291.00435792633
1723	0.000000000000000
0	1240.68716952984
1623	0.000000000000000
0	1193.58815610113
1611	0.000000000000000
0	1149.42601501606
1510	0.000000000000000
0	1107.95030070726
1418	0.000000000000000
0	1068.93738533210
1424	0.000000000000000
0	1032.18702988292
1355	0.000000000000000
0	997.519461706219
1327	0.000000000000000
0	964.772874045398
1317	0.000000000000000
0	933.801278812353
1226	0.000000000000000
0	904.472656232934
1151	0.000000000000000
0	876.667354989276
1112	0.000000000000000
0	850.276704525728
1103	0.000000000000000
0	825.201807700724
1034	0.000000000000000
0	801.352487268985
1068	0.000000000000000
0	778.646364012022
1018	0.000000000000000
0	757.008047891737
1046	0.000000000000000
0	736.368426533211
1041	0.000000000000000
0	716.664037767697
994	0.000000000000000
0	697.836514980531
963	0.000000000000000
0	679.832095686781
893	0.000000000000000
0	662.601185160721
900	0.000000000000000
0	646.097968122595
855	0.000000000000000
0	630.280062477108
910	0.000000000000000
0	615.108209934758
870	0.000000000000000
0	600.545999055601
831	0.000000000000000
0	586.559616856727
824	0.000000000000000
0	573.117625637093
784	0.000000000000000
0	560.190762110875
788	0.000000000000000
0	547.751756315011
702	0.000000000000000
0	535.775168078102
714	0.000000000000000
0	524.237239114323
639	0.000000000000000
0	513.115759044524
707	0.000000000000000
0	502.389943852779
690	0.000000000000000
0	492.040325465215
650	0.000000000000000
0	482.048651292912
646	0.000000000000000
0	472.397792715526
597	0.000000000000000
0	463.071661599776
616	0.000000000000000
0	454.055134049576
611	0.000000000000000
0	445.333980674430
581	0.000000000000000
0	436.894802741398
591	0.000000000000000
0	428.724973645114
564	0.000000000000000
0	420.812585191165
585	0.000000000000000
0	413.146398241738
548	0.000000000000000
0	405.715797319773
514	0.000000000000000
0	398.510748809697
518	0.000000000000000
0	391.521762429880
522	0.000000000000000
0	384.739855684793
542	0.000000000000000
0	378.156521034071
484	0.000000000000000
0	371.763695541630
496	0.000000000000000
0	365.553732791119
471	0.000000000000000
0	359.519376874641
430	0.000000000000000
0	353.653738280103
470	0.000000000000000
0	347.950271519031
454	0.000000000000000
0	342.402754351472
422	0.000000000000000
0	337.005268477849
469	0.000000000000000
0	331.752181579495
444	0.000000000000000
0	326.638130600338
482	0.000000000000000
0	321.658006171758
456	0.000000000000000
0	316.806938091379
439	0.000000000000000
0	312.080281774320
419	0.000000000000000
0	307.473605602527
414	0.000000000000000
0	302.982679104178
379	0.000000000000000
0	298.603461900930
407	0.000000000000000
0	294.332093366034
399	0.000000000000000
0	290.164882941043
396	0.000000000000000
0	286.098301063215
399	0.000000000000000
0	282.128970659563
363	0.000000000000000
0	278.253659167116
354	0.000000000000000
0	274.469271042164
378	0.000000000000000
0	270.772840724247
381	0.000000000000000
0	267.161526023299
346	0.000000000000000
0	263.632601900873
341	0.000000000000000
0	260.183454618572
346	0.000000000000000
0	256.811576228899
311	0.000000000000000
0	253.514559385601
350	0.000000000000000
0	250.290092452314
312	0.000000000000000
0	247.135954889906
333	0.000000000000000
0	244.050012904326
293	0.000000000000000
0	241.030215338161
307	0.000000000000000
0	238.074589790248
304	0.000000000000000
0	235.181238948888
300	0.000000000000000
0	232.348337125189
311	0.000000000000000
0	229.574126974034
321	0.000000000000000
0	226.856916391071
302	0.000000000000000
0	224.195075574881
291	0.000000000000000
0	221.587034244290
288	0.000000000000000
0	219.031279001421
290	0.000000000000000
0	216.526350831757
273	0.000000000000000
0	214.070842733070
278	0.000000000000000
0	211.663397465595
276	0.000000000000000
0	209.302705416372
267	0.000000000000000
0	206.987502571092
242	0.000000000000000
0	204.716568587281
255	0.000000000000000
0	202.488724962999
267	0.000000000000000
0	200.302833295642
275	0.000000000000000
0	198.157793625771
232	0.000000000000000
0	196.052542861197
266	0.000000000000000
0	193.986053276894
261	0.000000000000000
0	191.957331086526
245	0.000000000000000
0	189.965415081702
239	0.000000000000000
0	188.009375335260
285	0.000000000000000
0	186.088311965136
266	0.000000000000000
0	184.201353955573
256	0.000000000000000
0	182.347658032621
257	0.000000000000000
0	180.526407591063
227	0.000000000000000
0	178.736811670073
258	0.000000000000000
0	176.978103975068
250	0.000000000000000
0	175.249541943369
239	0.000000000000000
0	173.550405851415
230	0.000000000000000
0	171.879997961418
257	0.000000000000000
0	170.237641705465
240	0.000000000000000
0	168.622680905173
216	0.000000000000000
0	167.034479025127
216	0.000000000000000
0	165.472418458423
201	0.000000000000000
0	163.935899842739
197	0.000000000000000
0	162.424341405421
188	0.000000000000000
0	160.937178336200
193	0.000000000000000
0	159.473862186169
194	0.000000000000000
0	158.033860291798
205	0.000000000000000
0	156.616655222753
206	0.000000000000000
0	155.221744252419
186	0.000000000000000
0	153.848638850040
221	0.000000000000000
0	152.496864193478
199	0.000000000000000
0	151.165958701608
222	0.000000000000000
0	149.855473585474
207	0.000000000000000
0	148.564972417304
214	0.000000000000000
0	147.294030716610
201	0.000000000000000
0	146.042235552557
208	0.000000000000000
0	144.809185161895
196	0.000000000000000
0	143.594488581747
197	0.000000000000000
0	142.397765296584
187	0.000000000000000
0	141.218644898762
193	0.000000000000000
0	140.056766762034
198	0.000000000000000
0	138.911779727444
200	0.000000000000000
0	137.783341801094
194	0.000000000000000
0	136.671119863238
209	0.000000000000000
0	135.574789388244
183	0.000000000000000
0	134.494034174937
188	0.000000000000000
0	133.428546086896
168	0.000000000000000
0	132.378024802270
172	0.000000000000000
0	131.342177572726
206	0.000000000000000
0	130.320718991138
156	0.000000000000000
0	129.313370767652
176	0.000000000000000
0	128.319861513788
168	0.000000000000000
0	127.339926534243
169	0.000000000000000
0	126.373307626075
164	0.000000000000000
0	125.419752884979
169	0.000000000000000
0	124.479016518360
169	0.000000000000000
0	123.550858664927
184	0.000000000000000
0	122.635045220554
168	0.000000000000000
0	121.731347670151
173	0.000000000000000
0	120.839542925314
176	0.000000000000000
0	119.959413167523
162	0.000000000000000
0	119.090745696659
176	0.000000000000000
0	118.233332784660
152	0.000000000000000
0	117.386971534084
147	0.000000000000000
0	116.551463741415
169	0.000000000000000
0	115.726615764915
155	0.000000000000000
0	114.912238396854
157	0.000000000000000
0	114.108146739949
166	0.000000000000000
0	113.314160087858
159	0.000000000000000
0	112.530101809568
154	0.000000000000000
0	111.755799237541
139	0.000000000000000
0	110.991083559464
128	0.000000000000000
0	110.235789713484
153	0.000000000000000
0	109.489756286796
127	0.000000000000000
0	108.752825417449
154	0.000000000000000
0	108.024842699269
157	0.000000000000000
0	107.305657089773
148	0.000000000000000
0	106.595120820976
137	0.000000000000000
0	105.893089312976
155	0.000000000000000
0	105.199421090226
139	0.000000000000000
0	104.513977700396
162	0.000000000000000
0	103.836623635723
114	0.000000000000000
0	103.167226256782
152	0.000000000000000
0	102.505655718566
141	0.000000000000000
0	101.851784898821
136	0.000000000000000
0	101.205489328536
136	0.000000000000000
0	100.566647124520
131	0.000000000000000
0	99.9351389240103
138	0.000000000000000
0	99.3108478212081
154	0.000000000000000
0	98.6936593057102
126	0.000000000000000
0	98.0834612027499
136	0.000000000000000
0	97.4801436151951
144	0.000000000000000
0	96.8835988672423
125	0.000000000000000
0	96.2937214497487
120	0.000000000000000
0	95.7104079671495
121	0.000000000000000
0	95.1335570859051
108	0.000000000000000
0	94.5630694844302
144	0.000000000000000
0	93.9988478044539
110	0.000000000000000
0	93.4407966037640
120	0.000000000000000
0	92.8888223102920
129	0.000000000000000
0	92.3428331774924
139	0.000000000000000
0	91.8027392409763
115	0.000000000000000
0	91.2684522763588
139	0.000000000000000
0	90.7398857582793
141	0.000000000000000
0	90.2169548205593
124	0.000000000000000
0	89.6995762174607
120	0.000000000000000
0	89.1876682860090
121	0.000000000000000
0	88.6811509093485
112	0.000000000000000
0	88.1799454810968
109	0.000000000000000
0	87.6839748706674
126	0.000000000000000
0	87.1931633895299
110	0.000000000000000
0	86.7074367583787
123	0.000000000000000
0	86.2267220751824
134	0.000000000000000
0	85.7509477840867
105	0.000000000000000
0	85.2800436451436
119	0.000000000000000
0	84.8139407048437
88	0.000000000000000
0	84.3525712674249
113	0.000000000000000
0	83.8958688669354
97	0.000000000000000
0	83.4437682400276
90	0.000000000000000
0	82.9962052994614
105	0.000000000000000
0	82.5531171082952
124	0.000000000000000
0	82.1144418547436
101	0.000000000000000
0	81.6801188276839
116	0.000000000000000
0	81.2500883927893
106	0.000000000000000
0	80.8242919692735
98	0.000000000000000
0	80.4026720072258
112	0.000000000000000
0	79.9851719655217
103	0.000000000000000
0	79.5717362902903
91	0.000000000000000
0	79.1623103939248
107	0.000000000000000
0	78.7568406346174
109	0.000000000000000
0	78.3552742964057
93	0.000000000000000
0	77.9575595697155
117	0.000000000000000
0	77.5636455323850
117	0.000000000000000
0	77.1734821311574
107	0.000000000000000
0	76.7870201636285
118	0.000000000000000
0	76.4042112606364
123	0.000000000000000
0	76.0250078690810
105	0.000000000000000
0	75.6493632351603
105	0.000000000000000
0	75.2772313880136
109	0.000000000000000
0	74.9085671237588
116	0.000000000000000
0	74.5433259899132
100	0.000000000000000
0	74.1814642701877
100	0.000000000000000
0	73.8229389696439
97	0.000000000000000
0	73.4677078002032
104	0.000000000000000
0	73.1157291665002
110	0.000000000000000
0	72.7669621520690
85	0.000000000000000
0	72.4213665058549
98	0.000000000000000
0	72.0789026290418
91	0.000000000000000
0	71.7395315621870
99	0.000000000000000
0	71.4032149726556
93	0.000000000000000
0	71.0699151423456
89	0.000000000000000
0	70.7395949556971
85	0.000000000000000
0	70.4122178879767
94	0.000000000000000
0	70.0877479938312
93	0.000000000000000
0	69.7661498961022
106	0.000000000000000
0	69.4473887748962
92	0.000000000000000
0	69.1314303569019
95	0.000000000000000
0	68.8182409049494
98	0.000000000000000
0	68.5077872078046
97	0.000000000000000
0	68.2000365701929
103	0.000000000000000
0	67.8949568030459
91	0.000000000000000
0	67.5925162139655
93	0.000000000000000
0	67.2926835979006
85	0.000000000000000
0	66.9954282280293
98	0.000000000000000
0	66.7007198468430
100	0.000000000000000
0	66.4085286574267
119	0.000000000000000
0	66.1188253149299
100	0.000000000000000
0	65.8315809182244
92	0.000000000000000
0	65.5467670017434
95	0.000000000000000
0	65.2643555274979
86	0.000000000000000
0	64.9843188772659
104	0.000000000000000
0	64.7066298449496
101	0.000000000000000
0	64.4312616290972
93	0.000000000000000
0	64.1581878255847
109	0.000000000000000
0	63.8873824204540
80	0.000000000000000
0	63.6188197829035
94	0.000000000000000
0	63.3524746584265
72	0.000000000000000
0	63.0883221620961
82	0.000000000000000
0	62.8263377719905
89	0.000000000000000
0	62.5664973227565
108	0.000000000000000
0	62.3087769993082
99	0.000000000000000
0	62.0531533306567
88	0.000000000000000
0	61.7996031838686
95	0.000000000000000
0	61.5481037581492
78	0.000000000000000
0	61.2986325790484
80	0.000000000000000
0	61.0511674927861
94	0.000000000000000
0	60.8056866606936
75	0.000000000000000
0	60.5621685537692
89	0.000000000000000
0	60.3205919473450
79	0.000000000000000
0	60.0809359158618
86	0.000000000000000
0	59.8431798277501
98	0.000000000000000
0	59.6073033404152
94	0.000000000000000
0	59.3732863953221
94	0.000000000000000
0	59.1411092131807
82	0.000000000000000
0	58.9107522892261
81	0.000000000000000
0	58.6821963885941
79	0.000000000000000
0	58.4554225417881
80	0.000000000000000
0	58.2304120402365
88	0.000000000000000
0	58.0071464319376
86	0.000000000000000
0	57.7856075171909
81	0.000000000000000
0	57.5657773444118
69	0.000000000000000
0	57.3476382060286
78	0.000000000000000
0	57.1311726344599
58	0.000000000000000
0	56.9163633981703
75	0.000000000000000
0	56.7031934978026
75	0.000000000000000
0	56.4916461623852
76	0.000000000000000
0	56.2817048456123
72	0.000000000000000
0	56.0733532221967
86	0.000000000000000
0	55.8665751842914
67	0.000000000000000
0	55.6613548379808
75	0.000000000000000
0	55.4576764998382
85	0.000000000000000
0	55.2555246935492
74	0.000000000000000
0	55.0548841465992
79	0.000000000000000
0	54.8557397870234
83	0.000000000000000
0	54.6580767402181
74	0.000000000000000
0	54.4618803258123
80	0.000000000000000
0	54.2671360545980
67	0.000000000000000
0	54.0738296255172
89	0.000000000000000
0	53.8819469227066
71	0.000000000000000
0	53.6914740125954
79	0.000000000000000
0	53.5023971410589
79	0.000000000000000
0	53.3147027306230
79	0.000000000000000
0	53.1283773777214
83	0.000000000000000
0	52.9434078500031
73	0.000000000000000
0	52.7597810836887
67	0.000000000000000
0	52.5774841809759
80	0.000000000000000
0	52.3965044074916
66	0.000000000000000
0	52.2168291897908
74	0.000000000000000
0	52.0384461129008
74	0.000000000000000
0	51.8613429179099
76	0.000000000000000
0	51.6855074995990
71	0.000000000000000
0	51.5109279041168
79	0.000000000000000
0	51.3375923266961
76	0.000000000000000
0	51.1654891094111
75	0.000000000000000
0	50.9946067389746
87	0.000000000000000
0	50.8249338445747
66	0.000000000000000
0	50.6564591957496
73	0.000000000000000
0	50.4891717003005
64	0.000000000000000
0	50.3230604022405
85	0.000000000000000
0	50.1581144797806
66	0.000000000000000
0	49.9943232433505
68	0.000000000000000
0	49.8316761336541
75	0.000000000000000
0	49.6701627197591
71	0.000000000000000
0	49.5097726972200
71	0.000000000000000
0	49.3504958862334
70	0.000000000000000
0	49.1923222298254
74	0.000000000000000
0	49.0352417920710
63	0.000000000000000
0	48.8792447563426
81	0.000000000000000
0	48.7243214235906
71	0.000000000000000
0	48.5704622106520
78	0.000000000000000
0	48.4176576485886
78	0.000000000000000
0	48.2658983810535
72	0.000000000000000
0	48.1151751626854
74	0.000000000000000
0	47.9654788575299
64	0.000000000000000
0	47.8168004374882
69	0.000000000000000
0	47.6691309807912
61	0.000000000000000
0	47.5224616704999
64	0.000000000000000
0	47.3767837930305
60	0.000000000000000
0	47.2320887367054
75	0.000000000000000
0	47.0883679903264
50	0.000000000000000
0	46.9456131417741
69	0.000000000000000
0	46.8038158766285
71	0.000000000000000
0	46.6629679768139
67	0.000000000000000
0	46.5230613192658
64	0.000000000000000
0	46.3840878746197
82	0.000000000000000
0	46.2460397059215
61	0.000000000000000
0	46.1089089673595
59	0.000000000000000
0	45.9726879030169
65	0.000000000000000
0	45.8373688456446
60	0.000000000000000
0	45.7029442154542
72	0.000000000000000
0	45.5694065189311
75	0.000000000000000
0	45.4367483476658
60	0.000000000000000
0	45.3049623772053
56	0.000000000000000
0	45.1740413659223
75	0.000000000000000
0	45.0439781539031
76	0.000000000000000
0	44.9147656618531
52	0.000000000000000
0	44.7863968900203
57	0.000000000000000
0	44.6588649171352
51	0.000000000000000
0	44.5321628993690
55	0.000000000000000
0	44.4062840693067
56	0.000000000000000
0	44.2812217349383
49	0.000000000000000
0	44.1569692786650
56	0.000000000000000
0	44.0335201563208
56	0.000000000000000
0	43.9108678962110
55	0.000000000000000
0	43.7890060981641
60	0.000000000000000
0	43.6679284326003
56	0.000000000000000
0	43.5476286396133
69	0.000000000000000
0	43.4281005280670
60	0.000000000000000
0	43.3093379747067
51	0.000000000000000
0	43.1913349232838
53	0.000000000000000
0	43.0740853836935
68	0.000000000000000
0	42.9575834311273
67	0.000000000000000
0	42.8418232052375
53	0.000000000000000
0	42.7267989093151
69	0.000000000000000
0	42.6125048094801
57	0.000000000000000
0	42.4989352338846
59	0.000000000000000
0	42.3860845719281
61	0.000000000000000
0	42.2739472734843
58	0.000000000000000
0	42.1625178481409
56	0.000000000000000
0	42.0517908644496
59	0.000000000000000
0	41.9417609491885
48	0.000000000000000
0	41.8324227866354
58	0.000000000000000
0	41.7237711178525
52	0.000000000000000
0	41.6158007399808
56	0.000000000000000
0	41.5085065055470
60	0.000000000000000
0	41.4018833217789
49	0.000000000000000
0	41.2959261499327
54	0.000000000000000
0	41.1906300046297
56	0.000000000000000
0	41.0859899532024
61	0.000000000000000
0	40.9820011150521
52	0.000000000000000
0	40.8786586610139
57	0.000000000000000
0	40.7759578127330
66	0.000000000000000
0	40.6738938420494
54	0.000000000000000
0	40.5724620703919
75	0.000000000000000
0	40.4716578681809
58	0.000000000000000
0	40.3714766542406
47	0.000000000000000
0	40.2719138952196
71	0.000000000000000
0	40.1729651050195
60	0.000000000000000
0	40.0746258442328
58	0.000000000000000
0	39.9768917195887
67	0.000000000000000
0	39.8797583834070
65	0.000000000000000
0	39.7832215330596
62	0.000000000000000
0	39.6872769104408
61	0.000000000000000
0	39.5919203014449
64	0.000000000000000
0	39.4971475354506
67	0.000000000000000
0	39.4029544848146
65	0.000000000000000
0	39.3093370643709
61	0.000000000000000
0	39.2162912309385
49	0.000000000000000
0	39.1238129828354
55	0.000000000000000
0	39.0318983594005
44	0.000000000000000
0	38.9405434405217
51	0.000000000000000
0	38.8497443461709
43	0.000000000000000
0	38.7594972359460
45	0.000000000000000
0	38.6697983086195
50	0.000000000000000
0	38.5806438016931
40	0.000000000000000
0	38.4920299909590
45	0.000000000000000
0	38.4039531900676
44	0.000000000000000
0	38.3164097501013
48	0.000000000000000
0	38.2293960591541
49	0.000000000000000
0	38.1429085419177
45	0.000000000000000
0	38.0569436592728
58	0.000000000000000
0	37.9714979078871
50	0.000000000000000
0	37.8865678198183
56	0.000000000000000
0	37.8021499621229
51	0.000000000000000
0	37.7182409364706
46	0.000000000000000
0	37.6348373787643
59	0.000000000000000
0	37.5519359587653
52	0.000000000000000
0	37.4695333797238
46	0.000000000000000
0	37.3876263780146
53	0.000000000000000
0	37.3062117227778
52	0.000000000000000
0	37.2252862155652
47	0.000000000000000
0	37.1448466899906
52	0.000000000000000
0	37.0648900113860
43	0.000000000000000
0	36.9854130764622
44	0.000000000000000
0	36.9064128129739
47	0.000000000000000
0	36.8278861793902
71	0.000000000000000
0	36.7498301645688
43	0.000000000000000
0	36.6722417874356
49	0.000000000000000
0	36.5951180966683
56	0.000000000000000
0	36.5184561703847
54	0.000000000000000
0	36.4422531158348
58	0.000000000000000
0	36.3665060690980
53	0.000000000000000
0	36.2912121947837
50	0.000000000000000
0	36.2163686857369
42	0.000000000000000
0	36.1419727627471
44	0.000000000000000
0	36.0680216742619
43	0.000000000000000
0	35.9945126961041
58	0.000000000000000
0	35.9214431311930
57	0.000000000000000
0	35.8488103092697
47	0.000000000000000
0	35.7766115866257
44	0.000000000000000
0	35.7048443458358
51	0.000000000000000
0	35.6335059954945
55	0.000000000000000
0	35.5625939699560
54	0.000000000000000
0	35.4921057290780
53	0.000000000000000
0	35.4220387579689
55	0.000000000000000
0	35.3523905667385
68	0.000000000000000
0	35.2831586902522
46	0.000000000000000
0	35.2143406878888
39	0.000000000000000
0	35.1459341433013
42	0.000000000000000
0	35.0779366641813
48	0.000000000000000
0	35.0103458820266
56	0.000000000000000
0	34.9431594519122
37	0.000000000000000
0	34.8763750522638
65	0.000000000000000
0	34.8099903846357
51	0.000000000000000
0	34.7440031734906
51	0.000000000000000
0	34.6784111659828
45	0.000000000000000
0	34.6132121317450
42	0.000000000000000
0	34.5484038626774
45	0.000000000000000
0	34.4839841727401
42	0.000000000000000
0	34.4199508977481
47	0.000000000000000
0	34.3563018951694
55	0.000000000000000
0	34.2930350439261
47	0.000000000000000
0	34.2301482441979
43	0.000000000000000
0	34.1676394172286
47	0.000000000000000
0	34.1055065051355
46	0.000000000000000
0	34.0437474707205
35	0.000000000000000
0	33.9823602972857
58	0.000000000000000
0	33.9213429884498
61	0.000000000000000
0	33.8606935679679
50	0.000000000000000
0	33.8004100795541
51	0.000000000000000
0	33.7404905867061
39	0.000000000000000
0	33.6809331725327
51	0.000000000000000
0	33.6217359395831
46	0.000000000000000
0	33.5628970096799
42	0.000000000000000
0	33.5044145237530
46	0.000000000000000
0	33.4462866416772
38	0.000000000000000
0	33.3885115421110
45	0.000000000000000
0	33.3310874223388
49	0.000000000000000
0	33.2740124981145
40	0.000000000000000
0	33.2172850035081
46	0.000000000000000
0	33.1609031907538
46	0.000000000000000
0	33.1048653301012
46	0.000000000000000
0	33.0491697096679
49	0.000000000000000
0	32.9938146352944
40	0.000000000000000
0	32.9387984304019
47	0.000000000000000
0	32.8841194358512
41	0.000000000000000
0	32.8297760098043
42	0.000000000000000
0	32.7757665275880
47	0.000000000000000
0	32.7220893815595
42	0.000000000000000
0	32.6687429809736
51	0.000000000000000
0	32.6157257518532
31	0.000000000000000
0	32.5630361368600
41	0.000000000000000
0	32.5106725951687
39	0.000000000000000
0	32.4586336023424
50	0.000000000000000
0	32.4069176502099
48	0.000000000000000
0	32.3555232467454
43	0.000000000000000
0	32.3044489159495
39	0.000000000000000
0	32.2536931977326
46	0.000000000000000
0	32.2032546477998
43	0.000000000000000
0	32.1531318375377
53	0.000000000000000
0	32.1033233539033
42	0.000000000000000
0	32.0538277993142
50	0.000000000000000
0	32.0046437915411
51	0.000000000000000
0	31.9557699636019
53	0.000000000000000
0	31.9072049636572
46	0.000000000000000
0	31.8589474549083
42	0.000000000000000
0	31.8109961154959
54	0.000000000000000
0	31.7633496384018
49	0.000000000000000
0	31.7160067313510
47	0.000000000000000
0	31.6689661167165
39	0.000000000000000
0	31.6222265314250
43	0.000000000000000
0	31.5757867268649
31	0.000000000000000
0	31.5296454687955
39	0.000000000000000
0	31.4838015372581
47	0.000000000000000
0	31.4382537264883
42	0.000000000000000
0	31.3930008448310
36	0.000000000000000
0	31.3480417146551
48	0.000000000000000
0	31.3033751722720
44	0.000000000000000
0	31.2590000678539
46	0.000000000000000
0	31.2149152653546
42	0.000000000000000
0	31.1711196424315
43	0.000000000000000
0	31.1276120903693
43	0.000000000000000
0	31.0843915140056
46	0.000000000000000
0	31.0414568316568
51	0.000000000000000
0	30.9988069750469
49	0.000000000000000
0	30.9564408892375
35	0.000000000000000
0	30.9143575325582
33	0.000000000000000
0	30.8725558765403
39	0.000000000000000
0	30.8310349058503
56	0.000000000000000
0	30.7897936182260
36	0.000000000000000
0	30.7488310244139
38	0.000000000000000
0	30.7081461481071
39	0.000000000000000
0	30.6677380258863
40	0.000000000000000
0	30.6276057071609
37	0.000000000000000
0	30.5877482541120
43	0.000000000000000
0	30.5481647416371
46	0.000000000000000
0	30.5088542572957
31	0.000000000000000
0	30.4698159012571
38	0.000000000000000
0	30.4310487862489
37	0.000000000000000
0	30.3925520375070
42	0.000000000000000
0	30.3543247927275
38	0.000000000000000
0	30.3163662020199
42	0.000000000000000
0	30.2786754278612
38	0.000000000000000
0	30.2412516450518
31	0.000000000000000
0	30.2040940406731
24	0.000000000000000
0	30.1672018140458
33	0.000000000000000
0	30.1305741766904
29	0.000000000000000
0	30.0942103522883
35	0.000000000000000
0	30.0581095766450
39	0.000000000000000
0	30.0222710976543
42	0.000000000000000
0	29.9866941752640
27	0.000000000000000
0	29.9513780814431
37	0.000000000000000
0	29.9163221001501
35	0.000000000000000
0	29.8815255273034
41	0.000000000000000
0	29.8469876707519
36	0.000000000000000
0	29.8127078502485
46	0.000000000000000
0	29.7786853974236
35	0.000000000000000
0	29.7449196557611
38	0.000000000000000
0	29.7114099805752
47	0.000000000000000
0	29.6781557389886
37	0.000000000000000
0	29.6451563099126
37	0.000000000000000
0	29.6124110840280
36	0.000000000000000
0	29.5799194637680
34	0.000000000000000
0	29.5476808633019
39	0.000000000000000
0	29.5156947085212
42	0.000000000000000
0	29.4839604370259
36	0.000000000000000
0	29.4524774981129
35	0.000000000000000
0	29.4212453527664
34	0.000000000000000
0	29.3902634736485
29	0.000000000000000
0	29.3595313450923
25	0.000000000000000
0	29.3290484630959
43	0.000000000000000
0	29.2988143353180
33	0.000000000000000
0	29.2688284810755
40	0.000000000000000
0	29.2390904313413
22	0.000000000000000
0	29.2095997287453
34	0.000000000000000
0	29.1803559275752
51	0.000000000000000
0	29.1513585937804
44	0.000000000000000
0	29.1226073049761
35	0.000000000000000
0	29.0941016504495
35	0.000000000000000
0	29.0658412311678
31	0.000000000000000
0	29.0378256597875
35	0.000000000000000
0	29.0100545606648
42	0.000000000000000
0	28.9825275698686
42	0.000000000000000
0	28.9552443351939
41	0.000000000000000
0	28.9282045161778
47	0.000000000000000
0	28.9014077841168
43	0.000000000000000
0	28.8748538220851
35	0.000000000000000
0	28.8485423249559
34	0.000000000000000
0	28.8224729994225
48	0.000000000000000
0	28.7966455640233
33	0.000000000000000
0	28.7710597491661
36	0.000000000000000
0	28.7457152971562
40	0.000000000000000
0	28.7206119622249
45	0.000000000000000
0	28.6957495105602
43	0.000000000000000
0	28.6711277203393
40	0.000000000000000
0	28.6467463817626
35	0.000000000000000
0	28.6226052970898
40	0.000000000000000
0	28.5987042806777
33	0.000000000000000
0	28.5750431590198
39	0.000000000000000
0	28.5516217707876
40	0.000000000000000
0	28.5284399668741
36	0.000000000000000
0	28.5054976104391
26	0.000000000000000
0	28.4827945769561
33	0.000000000000000
0	28.4603307542617
35	0.000000000000000
0	28.4381060426062
27	0.000000000000000
0	28.4161203547072
37	0.000000000000000
0	28.3943736158044
39	0.000000000000000
0	28.3728657637167
41	0.000000000000000
0	28.3515967489013
38	0.000000000000000
0	28.3305665345153
40	0.000000000000000
0	28.3097750964786
43	0.000000000000000
0	28.2892224235402
36	0.000000000000000
0	28.2689085173451
41	0.000000000000000
0	28.2488333925049
34	0.000000000000000
0	28.2289970766699
32	0.000000000000000
0	28.2093996106034
31	0.000000000000000
0	28.1900410482587
38	0.000000000000000
0	28.1709214568583
34	0.000000000000000
0	28.1520409169753
30	0.000000000000000
0	28.1333995226176
40	0.000000000000000
0	28.1149973813143
35	0.000000000000000
0	28.0968346142045
35	0.000000000000000
0	28.0789113561291
39	0.000000000000000
0	28.0612277557246
47	0.000000000000000
0	28.0437839755200
39	0.000000000000000
0	28.0265801920363
33	0.000000000000000
0	28.0096165958880
37	0.000000000000000
0	27.9928933918888
36	0.000000000000000
0	27.9764107991587
37	0.000000000000000
0	27.9601690512347
30	0.000000000000000
0	27.9441683961841
38	0.000000000000000
0	27.9284090967210
31	0.000000000000000
0	27.9128914303259
42	0.000000000000000
0	27.8976156893676
26	0.000000000000000
0	27.8825821812292
37	0.000000000000000
0	27.8677912284367
41	0.000000000000000
0	27.8532431687909
43	0.000000000000000
0	27.8389383555029
51	0.000000000000000
0	27.8248771573324
46	0.000000000000000
0	27.8110599587298
39	0.000000000000000
0	27.7974871599819
37	0.000000000000000
0	27.7841591773607
36	0.000000000000000
0	27.7710764432760
54	0.000000000000000
0	27.7582394064323
45	0.000000000000000
0	27.7456485319880
45	0.000000000000000
0	27.7333043017201
49	0.000000000000000
0	27.7212072141916
39	0.000000000000000
0	27.7093577849235
53	0.000000000000000
0	27.6977565465704
47	0.000000000000000
0	27.6864040491009
41	0.000000000000000
0	27.6753008599816
40	0.000000000000000
0	27.6644475643656
40	0.000000000000000
0	27.6538447652855
31	0.000000000000000
0	27.6434930838510
40	0.000000000000000
0	27.6333931594506
44	0.000000000000000
0	27.6235456499587
47	0.000000000000000
0	27.6139512319469
51	0.000000000000000
0	27.6046106009002
50	0.000000000000000
0	27.5955244714388
40	0.000000000000000
0	27.5866935775441
38	0.000000000000000
0	27.5781186727909
26	0.000000000000000
0	27.5698005305838
37	0.000000000000000
0	27.5617399444000
43	0.000000000000000
0	27.5539377280372
34	0.000000000000000
0	27.5463947158674
44	0.000000000000000
0	27.5391117630959
44	0.000000000000000
0	27.5320897460275
38	0.000000000000000
0	27.5253295623370
28	0.000000000000000
0	27.5188321313476
31	0.000000000000000
0	27.5125983943148
36	0.000000000000000
0	27.5066293147166
45	0.000000000000000
0	27.5009258785511
41	0.000000000000000
0	27.4954890946401
31	0.000000000000000
0	27.4903199949401
39	0.000000000000000
0	27.4854196348606
38	0.000000000000000
0	27.4807890935888
47	0.000000000000000
0	27.4764294744233
40	0.000000000000000
0	27.4723419051135
41	0.000000000000000
0	27.4685275382086
32	0.000000000000000
0	27.4649875514132
41	0.000000000000000
0	27.4617231479525
33	0.000000000000000
0	27.4587355569443
41	0.000000000000000
0	27.4560260337810
40	0.000000000000000
0	27.4535958605194
31	0.000000000000000
0	27.4514463462804
35	0.000000000000000
0	27.4495788276572
35	0.000000000000000
0	27.4479946691334
36	0.000000000000000
0	27.4466952635108
25	0.000000000000000
0	27.4456820323469
44	0.000000000000000
0	27.4449564264028
36	0.000000000000000
0	27.4445199261018
35	0.000000000000000
0	27.4443740419982
32	0.000000000000000
0	27.4445203152577
30	0.000000000000000
0	27.4449603181486
34	0.000000000000000
0	27.4456956545449
36	0.000000000000000
0	27.4467279604411
35	0.000000000000000
0	27.4480589044795
21	0.000000000000000
0	27.4496901884897
35	0.000000000000000
0	27.4516235480409
30	0.000000000000000
0	27.4538607530080
29	0.000000000000000
0	27.4564036081502
35	0.000000000000000
0	27.4592539537047
40	0.000000000000000
0	27.4624136659937
41	0.000000000000000
0	27.4658846580465
30	0.000000000000000
0	27.4696688802370
29	0.000000000000000
0	27.4737683209354
29	0.000000000000000
0	27.4781850071777
40	0.000000000000000
0	27.4829210053498
36	0.000000000000000
0	27.4879784218892
33	0.000000000000000
0	27.4933594040040
35	0.000000000000000
0	27.4990661404094
34	0.000000000000000
0	27.5051008620824
36	0.000000000000000
0	27.5114658430353
25	0.000000000000000
0	27.5181634011085
35	0.000000000000000
0	27.5251958987832
35	0.000000000000000
0	27.5325657440142
38	0.000000000000000
0	27.5402753910841
28	0.000000000000000
0	27.5483273414783
31	0.000000000000000
0	27.5567241447834
43	0.000000000000000
0	27.5654683996071
38	0.000000000000000
0	27.5745627545228
31	0.000000000000000
0	27.5840099090373
36	0.000000000000000
0	27.5938126145844
36	0.000000000000000
0	27.6039736755435
35	0.000000000000000
0	27.6144959502849
34	0.000000000000000
0	27.6253823522423
34	0.000000000000000
0	27.6366358510132
38	0.000000000000000
0	27.6482594734881
33	0.000000000000000
0	27.6602563050099
42	0.000000000000000
0	27.6726294905635
29	0.000000000000000
0	27.6853822359971
32	0.000000000000000
0	27.6985178092763
38	0.000000000000000
0	27.7120395417716
34	0.000000000000000
0	27.7259508295805
43	0.000000000000000
0	27.7402551348854
41	0.000000000000000
0	27.7549559873485
35	0.000000000000000
0	27.7700569855443
34	0.000000000000000
0	27.7855617984318
34	0.000000000000000
0	27.8014741668668
35	0.000000000000000
0	27.8177979051560
24	0.000000000000000
0	27.8345369026547
34	0.000000000000000
0	27.8516951254085
31	0.000000000000000
0	27.8692766178407
28	0.000000000000000
0	27.8872855044883
33	0.000000000000000
0	27.9057259917858
40	0.000000000000000
0	27.9246023699005
33	0.000000000000000
0	27.9439190146196
44	0.000000000000000
0	27.9636803892918
38	0.000000000000000
0	27.9838910468250
33	0.000000000000000
0	28.0045556317407
42	0.000000000000000
0	28.0256788822897
35	0.000000000000000
0	28.0472656326287
30	0.000000000000000
0	28.0693208150607
48	0.000000000000000
0	28.0918494623425
39	0.000000000000000
0	28.1148567100594
36	0.000000000000000
0	28.1383477990719
29	0.000000000000000
0	28.1623280780349
34	0.000000000000000
0	28.1868030059935
36	0.000000000000000
0	28.2117781550564
39	0.000000000000000
0	28.2372592131522
34	0.000000000000000
0	28.2632519868686
31	0.000000000000000
0	28.2897624043796
32	0.000000000000000
0	28.3167965184639
38	0.000000000000000
0	28.3443605096156
36	0.000000000000000
0	28.3724606892539
31	0.000000000000000
0	28.4011035030324
36	0.000000000000000
0	28.4302955342538
36	0.000000000000000
0	28.4600435073930
35	0.000000000000000
0	28.4903542917324
36	0.000000000000000
0	28.5212349051148
36	0.000000000000000
0	28.5526925178171
45	0.000000000000000
0	28.5847344565499
33	0.000000000000000
0	28.6173682085886
42	0.000000000000000
0	28.6506014260394
39	0.000000000000000
0	28.6844419302471
32	0.000000000000000
0	28.7188977163495
36	0.000000000000000
0	28.7539769579840
46	0.000000000000000
0	28.7896880121528
39	0.000000000000000
0	28.8260394242531
44	0.000000000000000
0	28.8630399332785
43	0.000000000000000
0	28.9006984771985
39	0.000000000000000
0	28.9390241985243
40	0.000000000000000
0	28.9780264500670
43	0.000000000000000
0	29.0177148008973
51	0.000000000000000
0	29.0580990425144
40	0.000000000000000
0	29.0991891952335
41	0.000000000000000
0	29.1409955147997
43	0.000000000000000
0	29.1835284992400
45	0.000000000000000
0	29.2267988959608
37	0.000000000000000
0	29.2708177091042
44	0.000000000000000
0	29.3155962071721
47	0.000000000000000
0	29.3611459309306
43	0.000000000000000
0	29.4074787016068
43	0.000000000000000
0	29.4546066293913
55	0.000000000000000
0	29.5025421222586
47	0.000000000000000
0	29.5512978951209
47	0.000000000000000
0	29.6008869793301
40	0.000000000000000
0	29.6513227325421
35	0.000000000000000
0	29.7026188489625
43	0.000000000000000
0	29.7547893699888
31	0.000000000000000
0	29.8078486952685
46	0.000000000000000
0	29.8618115941923
32	0.000000000000000
0	29.9166932178426
41	0.000000000000000
0	29.9725091114182
36	0.000000000000000
0	30.0292752271595
40	0.000000000000000
0	30.0870079377955
37	0.000000000000000
0	30.1457240505398
27	0.000000000000000
0	30.2054408216617
36	0.000000000000000
0	30.2661759716595
35	0.000000000000000
0	30.3279477010673
33	0.000000000000000
0	30.3907747069250
38	0.000000000000000
0	30.4546761999458
48	0.000000000000000
0	30.5196719224157
42	0.000000000000000
0	30.5857821668623
47	0.000000000000000
0	30.6530277955327
55	0.000000000000000
0	30.7214302607207
48	0.000000000000000
0	30.7910116259895
49	0.000000000000000
0	30.8617945883348
36	0.000000000000000
0	30.9338025013396
45	0.000000000000000
0	31.0070593993717
45	0.000000000000000
0	31.0815900228812
37	0.000000000000000
0	31.1574198448576
42	0.000000000000000
0	31.2345750985081
56	0.000000000000000
0	31.3130828062259
46	0.000000000000000
0	31.3929708099195
37	0.000000000000000
0	31.4742678027785
61	0.000000000000000
0	31.5570033625583
57	0.000000000000000
0	31.6412079864685
56	0.000000000000000
0	31.7269131277582
59	0.000000000000000
0	31.8141512340962
49	0.000000000000000
0	31.9029557878509
51	0.000000000000000
0	31.9933613483814
60	0.000000000000000
0	32.0854035964606
53	0.000000000000000
0	32.1791193809576
54	0.000000000000000
0	32.2745467679153
50	0.000000000000000
0	32.3717250921726
49	0.000000000000000
0	32.4706950116846
39	0.000000000000000
0	32.5714985647125
49	0.000000000000000
0	32.6741792300608
45	0.000000000000000
0	32.7787819905575
48	0.000000000000000
0	32.8853533999849
43	0.000000000000000
0	32.9939416536842
45	0.000000000000000
0	33.1045966630743
40	0.000000000000000
0	33.2173701343451
58	0.000000000000000
0	33.3323156516014
41	0.000000000000000
0	33.4494887647614
49	0.000000000000000
0	33.5689470825302
56	0.000000000000000
0	33.6907503708015
38	0.000000000000000
0	33.8149606568631
54	0.000000000000000
0	33.9416423398163
44	0.000000000000000
0	34.0708623076506
49	0.000000000000000
0	34.2026900614533
44	0.000000000000000
0	34.3371978472728
38	0.000000000000000
0	34.4744607961984
42	0.000000000000000
0	34.6145570732696
43	0.000000000000000
0	34.7575680358769
45	0.000000000000000
0	34.9035784023801
52	0.000000000000000
0	35.0526764317296
45	0.000000000000000
0	35.2049541149484
44	0.000000000000000
0	35.3605073794125
42	0.000000000000000
0	35.5194363069513
42	0.000000000000000
0	35.6818453668856
51	0.000000000000000
0	35.8478436652267
46	0.000000000000000
0	36.0175452113781
47	0.000000000000000
0	36.1910692038083
47	0.000000000000000
0	36.3685403363110
55	0.000000000000000
0	36.5500891266271
67	0.000000000000000
0	36.7358522693832
52	0.000000000000000
0	36.9259730154993
63	0.000000000000000
0	37.1206015804450
63	0.000000000000000
0	37.3198955839674
60	0.000000000000000
0	37.5240205242001
41	0.000000000000000
0	37.7331502893718
49	0.000000000000000
0	37.9474677106882
53	0.000000000000000
0	38.1671651603576
56	0.000000000000000
0	38.3924451991795
55	0.000000000000000
0	38.6235212786226
45	0.000000000000000
0	38.8606185028889
51	0.000000000000000
0	39.1039744571151
53	0.000000000000000
0	39.3538401085983
54	0.000000000000000
0	39.6104807887737
61	0.000000000000000
0	39.8741772646336
41	0.000000000000000
0	40.1452269093700
53	0.000000000000000
0	40.4239449832801
55	0.000000000000000
0	40.7106660374172
60	0.000000000000000
0	41.0057454541233
71	0.000000000000000
0	41.3095611404965
54	0.000000000000000
0	41.6225153930552
65	0.000000000000000
0	41.9450369544234
59	0.000000000000000
0	42.2775832858399
55	0.000000000000000
0	42.6206430827633
58	0.000000000000000
0	42.9747390648983
50	0.000000000000000
0	43.3404310767187
66	0.000000000000000
0	43.7183195401476
52	0.000000000000000
0	44.1090493076365
54	0.000000000000000
0	44.5133139716732
54	0.000000000000000
0	44.9318606959919
57	0.000000000000000
0	45.3654956447680
60	0.000000000000000
0	45.8150900992418
71	0.000000000000000
0	46.2815873670130
85	0.000000000000000
0	46.7660106082792
67	0.000000000000000
0	47.2694717263242
76	0.000000000000000
0	47.7931814975493
64	0.000000000000000
0	48.3384611505132
71	0.000000000000000
0	48.9067556453671
62	0.000000000000000
0	49.4996489567610
66	0.000000000000000
0	50.1188817273687
59	0.000000000000000
0	50.7663717390437
72	0.000000000000000
0	51.4442377487577
64	0.000000000000000
0	52.1548273628153
64	0.000000000000000
0	52.9007497832882
58	0.000000000000000
0	53.6849144657979
77	0.000000000000000
0	54.5105769921080
71	0.000000000000000
0	55.3813938041923
78	0.000000000000000
0	56.3014878957684
79	0.000000000000000
0	57.2755281508011
85	0.000000000000000
0	58.3088258099023
69	0.000000000000000
0	59.4074526116597
69	0.000000000000000
0	60.5783866077908
72	0.000000000000000
0	61.8296936515563
89	0.000000000000000
0	63.1707553505958
95	0.000000000000000
0	64.6125582250108
80	0.000000000000000
0	66.1680644833914
86	0.000000000000000
0	67.8526931081645
84	0.000000000000000
0	69.6849522426184
73	0.000000000000000
0	71.6872825116418
85	0.000000000000000
0	73.8871997725172
115	0.000000000000000
0	76.3188715814021
98	0.000000000000000
0	79.0253362881050
110	0.000000000000000
0	82.0616990575165
102	0.000000000000000
0	85.4998571998473
123	0.000000000000000
0	89.4357018587994
120	0.000000000000000
0	94.0004909710747
134	0.000000000000000
0	99.3795842877064
134	0.000000000000000
0	105.844922769200
153	0.000000000000000
0	113.815000448149
158	0.000000000000000
0	123.974827979939
177	0.000000000000000
0	137.542562413941
180	0.000000000000000
0	156.955240132255
211	0.000000000000000
0	188.063485924234
258	0.000000000000000
0	250.375187593797
420	0.000000000000000
0	0.000000000000000
