experimental frequency under nntm distribution	expected frequency under uniform distribution
0	0.000000000000000
0	4.88733347086874e-595
0	2.61840994011269e-294
0	1.27608566556733e-177
0	1.07690016115123e-118
0	1.58613896911809e-84
0	6.98882986215866e-63
0	2.73285782041005e-48
0	5.54292637639211e-38
0	1.96336995365340e-30
0	9.67141080343831e-25
0	2.40722631552479e-20
0	6.99191817345004e-17
0	4.15764934622471e-14
0	7.46340113153343e-12
0	5.32493669962674e-10
0	1.84318296363794e-8
0	3.58819910466777e-7
0	4.39324003825620e-6
0	0.0000368695275641791
0	0.000226841846127770
0	0.00107905597702812
0	0.00414078567420095
0	0.0132653353657996
0	0.0364791006504292
0	0.0880973022190341
0	0.190386649646684
0	0.373970393047707
0	0.676418196272579
0	1.13896910754970
0	1.80188196669273
0	2.69928157498883
0	3.85446373423847
0	5.27645529368588
0	6.95829665630682
0	8.87714555091314
2	10.9959893137237
1	13.2665506603653
1	15.6328883912931
1	18.0352099522698
1	20.4134942503163
2	22.7106367310289
6	24.8749470228934
8	26.8619341681197
4	28.6353960925855
5	30.1678858909910
9	31.4406596148188
10	32.4432228717036
8	33.1725918360488
13	33.6323732013213
7	33.8317513897541
12	33.7844532159870
20	33.5077424427017
20	33.0214806791565
17	32.3472775874174
19	31.5077426069633
16	30.5258422836929
20	29.4243614944790
22	28.2254630004110
30	26.9503374278835
18	25.6189345807426
24	24.2497665956239
33	22.8597735965169
25	21.4642429769217
28	20.0767740891946
19	18.7092808488692
25	17.3720255021138
29	16.0736775196385
28	14.8213922517274
30	13.6209046001246
26	12.4766335336530
34	11.3917937994761
26	10.3685116656411
16	9.40794197751202
14	8.51038422450433
23	7.67539569667178
14	6.90190016461682
20	6.18829084158632
20	5.53252668363161
21	4.93222135228670
24	4.38472440426617
17	3.88719448428235
16	3.43666448057936
18	3.03009875886603
14	2.66444272003458
16	2.33666503174923
9	2.04379296534194
10	1.78294132936507
9	1.55133553169988
7	1.34632932549387
12	1.16541780263339
10	1.00624619417212
11	0.866615022293116
9	0.744482125036241
10	0.637962045092566
9	0.545323239205418
9	0.464983526698876
5	0.395504155761875
3	0.335582825541604
1	0.284045961845651
2	0.239840505138149
7	0.202025432190233
3	0.169763197700987
6	0.142311249791922
4	0.119013743720856
3	0.0992935515768942
1	0.0826446421327068
1	0.0686248843943205
7	0.0568493105929958
2	0.0469838592536732
2	0.0387396063617548
1	0.0318674823244180
2	0.0261534641613461
1	0.0214142259353051
1	0.0174932256199902
0	0.0142572031829202
2	0.0115930624280432
2	0.00940510790349808
0	0.00761260775815833
1	0.00614765366689250
2	0.00495328969731850
0	0.00398188313613235
1	0.00319371172374757
0	0.00255574337092678
0	0.00204058617417074
0	0.00162558834531576
0	0.00129206947477591
0	0.00102466631767806
0	0.000810777997744418
0	0.000640097143253230
0	0.000504214987681879
0	0.000396289875332582
0	0.000310769904630778
0	0.000243161617855325
0	0.000189837707684756
0	0.000147877662184440
1	0.000114936116354106
0	0.0000891344268154471
0	0.0000689716440144611
0	0.0000532516311341050
0	0.0000410235785077360
0	0.0000315335942950039
0	0.0000241854238344714
0	0.0000185086683228893
0	0.0000141331447173787
0	0.0000107682589267327
0	8.18645883255793e-6
0	6.20999730979281e-6
0	4.70037253227781e-6
0	3.54992729314715e-6
0	2.67518422108775e-6
0	2.01157258496014e-6
0	1.50926741492711e-6
0	1.12991514098468e-6
0	8.44063758589636e-7
0	6.29151296623040e-7
0	4.67935461250543e-7
0	3.47270922819711e-7
0	2.57159779134802e-7
0	1.90016085193790e-7
0	1.40097668186152e-7
0	1.03068312474027e-7
0	7.56612692997984e-8
0	5.54213041389267e-8
0	4.05074556060030e-8
0	2.95426004117349e-8
0	2.14990078148983e-8
0	1.56114933867976e-8
0	1.13116821313490e-8
0	8.17837476544499e-9
0	5.90016613240519e-9
0	4.24736144491344e-9
0	3.05093014093262e-9
0	2.18677283470170e-9
0	1.56398911997204e-9
0	1.11615037205930e-9
0	7.94823816713755e-10
0	5.64778902566479e-10
0	4.00447623584357e-10
0	2.83317146773053e-10
0	2.00013859272565e-10
1	1.40898901576551e-10
0	9.90411323585395e-11
0	6.94679097207486e-11
0	4.86198563125945e-11
0	3.39550259380469e-11
0	2.36622237571089e-11
0	1.64538779020489e-11
0	1.14167456188959e-11
0	7.90456230416898e-12
0	5.46103393032854e-12
0	3.76472757971948e-12
0	2.58972677249680e-12
0	1.77760848886543e-12
0	1.21753126155961e-12
0	8.32120099182081e-13
0	5.67484271267366e-13
0	3.86174508232796e-13
0	2.62225760900858e-13
0	1.77676135114874e-13
0	1.20128164240994e-13
0	8.10443187394109e-14
0	5.45584839251521e-14
0	3.66491556598171e-14
0	2.45656119970037e-14
0	1.64305878287600e-14
0	1.09658037588245e-14
0	7.30280395248621e-15
0	4.85289125401182e-15
0	3.21790453790432e-15
0	2.12915539078117e-15
0	1.40573379399315e-15
0	9.26105043528557e-16
0	6.08805763541062e-16
0	3.99354425218569e-16
0	2.61396265397920e-16
0	1.70726631483061e-16
0	1.11266405519923e-16
0	7.23581758726989e-17
0	4.69539130079218e-17
0	3.04030014263036e-17
0	1.96436174747886e-17
0	1.26644595792948e-17
0	8.14726571532737e-18
0	5.22994301615111e-18
0	3.34997617462899e-18
0	2.14114454044006e-18
0	1.36555618855392e-18
0	8.69025048124762e-19
0	5.51840979994292e-19
0	3.49666747685550e-19
0	2.21081928324510e-19
0	1.39479526434148e-19
0	8.78063199089365e-20
0	5.51567862220860e-20
0	3.45724189946296e-20
0	2.16231012801917e-20
0	1.34947038110090e-20
0	8.40360526391496e-21
0	5.22185241887144e-21
0	3.23772491503063e-21
0	2.00314064674839e-21
0	1.23662725793836e-21
0	7.61766358925262e-22
0	4.68230920013208e-22
0	2.87179498044835e-22
0	1.75752507658566e-22
0	1.07325789416246e-22
0	6.53974505912737e-23
0	3.97622918533072e-23
0	2.41232354241155e-23
0	1.46033651994616e-23
0	8.82111054600657e-24
0	5.31674938374074e-24
0	3.19757981775445e-24
0	1.91888323243347e-24
0	1.14901927809756e-24
0	6.86526579522128e-25
0	4.09296777479071e-25
0	2.43483689414234e-25
0	1.44527885091651e-25
0	8.56018771139866e-26
0	5.05899712480709e-26
0	2.98328478634767e-26
0	1.75539056055933e-26
0	1.03062623178134e-26
0	6.03777094007623e-27
0	3.52939036514912e-27
0	2.05859062878586e-27
0	1.19808360694266e-27
0	6.95745972343476e-28
0	4.03144105254973e-28
0	2.33085661477211e-28
0	1.34467095014980e-28
0	7.74036234843425e-29
0	4.44581048688119e-29
0	2.54791280479943e-29
0	1.45700724077782e-29
0	8.31346283496104e-30
0	4.73309120951137e-30
0	2.68874745015771e-30
0	1.52404197500565e-30
0	8.61956155620796e-31
0	4.86423221419650e-31
0	2.73894835617180e-31
0	1.53883957274548e-31
0	8.62665324867126e-32
0	4.82536712594286e-32
0	2.69312759950164e-32
0	1.49975933081077e-32
0	8.33343026128338e-33
0	4.62022518525373e-33
0	2.55587197640194e-33
0	1.41075361151988e-33
0	7.76960372330483e-34
0	4.26954591833140e-34
0	2.34098765993426e-34
0	1.28070960343468e-34
0	6.99094362386881e-35
0	3.80762358273443e-35
0	2.06921095223695e-35
0	1.12198630377328e-35
0	6.07018377064659e-36
0	3.27677850429248e-36
0	1.76491078895238e-36
0	9.48480296671294e-37
0	5.08584601483357e-37
0	2.72098964103599e-37
0	1.45250890835574e-37
0	7.73639076789995e-38
0	4.11135622062032e-38
0	2.18000940027390e-38
0	1.15334066929198e-38
0	6.08810668531438e-39
0	3.20650360352619e-39
0	1.68502155040274e-39
0	8.83492467123054e-40
0	4.62192950620350e-40
0	2.41249413229878e-40
0	1.25640917508599e-40
0	6.52855725184399e-41
0	3.38472987129670e-41
0	1.75085782771743e-41
0	9.03643664661575e-42
0	4.65331417586095e-42
0	2.39081385499657e-42
0	1.22559434578341e-42
0	6.26851546170517e-43
0	3.19888766825322e-43
0	1.62872955538595e-43
0	8.27397156068710e-44
0	4.19366258624616e-44
0	2.12073650866909e-44
0	1.07002285749512e-44
0	5.38656438763506e-45
0	2.70546832781372e-45
0	1.35576427817703e-45
0	6.77854347405530e-46
0	3.38141425100145e-46
0	1.68294332038095e-46
0	8.35697376498728e-47
0	4.14034320012019e-47
0	2.04658935743377e-47
0	1.00932598656466e-47
0	4.96635633242910e-48
0	2.43808743629905e-48
0	1.19416668362914e-48
0	5.83558219578904e-49
0	2.84515731610371e-49
0	1.38398223846810e-49
0	6.71670332683797e-50
0	3.25223941748013e-50
0	1.57111804742667e-50
0	7.57241415019507e-51
0	3.64131622005508e-51
0	1.74694884850795e-51
0	8.36178493241194e-52
0	3.99313561555177e-52
0	1.90249987346333e-52
0	9.04336304336624e-53
0	4.28873573732047e-53
0	2.02918589195837e-53
0	9.57870589271624e-54
0	4.51111114065911e-54
0	2.11958638503532e-54
0	9.93593723914969e-55
0	4.64682049507473e-55
0	2.16816086263079e-55
0	1.00928741706514e-55
1	4.68732613581485e-56
0	2.17180904396982e-56
0	1.00393003574131e-56
0	4.62988060854117e-57
0	2.13019742038072e-57
0	9.77806264587107e-58
0	4.47783256750174e-58
0	2.04580451122965e-58
0	9.32482792925379e-59
0	4.24030501422650e-59
0	1.92367678255081e-59
0	8.70652795303743e-60
0	3.93128865793008e-60
0	1.77092860577846e-60
0	7.95870668456615e-61
0	3.56827575008485e-61
0	1.59605522229261e-61
0	7.12213403071326e-62
0	3.17062017426966e-62
0	1.40815110938790e-62
0	6.23913504755990e-63
0	2.75783768881778e-63
0	1.21613368042324e-63
0	5.35009297223207e-64
0	2.34805268751424e-64
0	1.02806348593332e-64
0	4.49052074454715e-65
0	1.95675854332005e-65
0	8.50629828970791e-66
0	3.68897650456361e-66
0	1.59599729737494e-66
0	6.88840161874878e-67
0	2.96595033861678e-67
0	1.27399420282451e-67
0	5.45919039978017e-68
0	2.33370141824481e-68
0	9.95216664464575e-69
0	4.23393636381725e-69
0	1.79690196097789e-69
0	7.60776056672856e-70
0	3.21322182943204e-70
0	1.35386393338463e-70
0	5.69060943263629e-71
0	2.38611295406738e-71
0	9.98092241136855e-72
0	4.16482560733013e-72
0	1.73367791422068e-72
0	7.19920358564653e-73
0	2.98224912841208e-73
0	1.23238326208399e-73
0	5.08029629055895e-74
0	2.08916451645636e-74
0	8.57029069205483e-75
0	3.50716934497305e-75
0	1.43171028836707e-75
0	5.83028426401266e-76
0	2.36842388750372e-76
0	9.59761208728926e-77
0	3.87971607354564e-77
0	1.56447495511294e-77
0	6.29315066493634e-78
0	2.52520944496292e-78
0	1.01077700970175e-78
0	4.03590456268656e-79
0	1.60750712150566e-79
0	6.38690278386103e-80
0	2.53134873465467e-80
0	1.00077584950662e-80
0	3.94678705822801e-81
0	1.55264258436086e-81
0	6.09283028561908e-82
0	2.38498319908057e-82
0	9.31255996074506e-83
0	3.62718084896658e-83
0	1.40923868418380e-83
0	5.46152549130407e-84
0	2.11133075637462e-84
0	8.14161040245034e-85
0	3.13166225918220e-85
0	1.20156951662947e-85
0	4.59865768168936e-86
0	1.75557856747349e-86
0	6.68521331935155e-87
0	2.53930507054356e-87
0	9.62094858208435e-88
0	3.63599350160861e-88
0	1.37065853793708e-88
0	5.15389066745749e-89
0	1.93303467887364e-89
0	7.23171615752082e-90
0	2.69860387160410e-90
0	1.00445780876083e-90
0	3.72921823468282e-91
0	1.38100795041168e-91
0	5.10112038525289e-92
0	1.87942374651343e-92
0	6.90672734949949e-93
0	2.53167000383831e-93
0	9.25609432437329e-94
0	3.37546060181978e-94
0	1.22778298026028e-94
0	4.45443022003845e-95
0	1.61191962295433e-95
0	5.81800318928416e-96
0	2.09451054442553e-96
0	7.52086576354595e-97
0	2.69357128598021e-97
0	9.62195041566807e-98
0	3.42823360046826e-98
0	1.21828526828161e-98
0	4.31814782532701e-99
0	1.52656244554826e-99
0	5.38268319922168e-100
0	1.89299234477761e-100
0	6.63992686490471e-101
0	2.32295467603677e-101
0	8.10549932049525e-102
0	2.82084352899884e-102
0	9.79122400909821e-103
0	3.38963018585854e-103
0	1.17037102177756e-103
0	4.03041041748300e-104
0	1.38429296012733e-104
0	4.74196473884917e-105
0	1.62008851365888e-105
0	5.52036522672944e-106
0	1.87604846029919e-106
0	6.35866558033615e-107
0	2.14947362628025e-107
0	7.24671138702356e-108
0	2.43663801577656e-108
0	8.17110446586807e-109
0	2.73280529208640e-109
0	9.11534840772429e-110
0	3.03230568573326e-110
0	1.00601920860160e-110
0	3.32867661649847e-111
0	1.09841744763651e-111
0	3.61486568055216e-112
0	1.18643585224241e-112
0	3.88348952656010e-113
0	1.26772253239117e-113
0	4.12713698576057e-114
0	1.33996841706082e-114
0	4.33870015061704e-115
0	1.40101405769638e-115
0	4.51171343787338e-116
0	1.44895550693135e-116
0	4.64067848666659e-117
0	1.48224213302132e-117
0	4.72135236914336e-118
0	1.49975942220388e-118
0	4.75097819280312e-119
0	1.50089063898308e-119
0	4.72844070574386e-120
0	1.48555260971276e-120
0	4.65433471830205e-121
0	1.45420275357519e-121
0	4.53094057317766e-122
0	1.40781663794212e-122
0	4.36210792987843e-123
0	1.34783757656911e-123
0	4.15305609801673e-124
0	1.27610190088899e-124
0	3.91010537829080e-125
0	1.19474531183231e-125
0	3.64035875206314e-126
0	1.10609699462739e-126
0	3.35135635429569e-127
0	1.01256884130915e-127
0	3.05072622604067e-128
0	9.16547133217716e-129
0	2.74585385253257e-129
0	8.20293417932725e-130
0	2.44359015070634e-130
0	7.25860166017251e-131
0	2.15001326010111e-131
0	6.35025257187374e-132
0	1.87025422746569e-132
0	5.49247598077569e-133
0	1.60839103298291e-133
0	4.69644397653735e-134
0	1.36740995005932e-134
0	3.96988990885314e-135
0	1.14922845257927e-135
0	3.31726744145537e-136
0	9.54770152475627e-137
0	2.74005590509771e-137
0	7.84079784592037e-138
0	2.23717173585469e-138
0	6.36465115722847e-139
0	1.80544420250002e-139
0	5.10652757068279e-140
0	1.44011569818110e-140
0	4.04946006218341e-141
0	1.13533183544801e-141
0	3.17374762892552e-142
0	8.84593506954081e-143
0	2.45829945735477e-143
0	6.81150984186355e-144
0	1.88177385741435e-144
0	5.18328125601653e-145
0	1.42348624066656e-145
0	3.89772115888264e-146
0	1.06408196816566e-146
0	2.89630332546008e-147
0	7.85987158983783e-148
0	2.12660633213819e-148
0	5.73662923796769e-149
0	1.54284487030711e-149
0	4.13695978725007e-150
0	1.10594020369071e-150
0	2.94761689607363e-151
0	7.83244218270071e-152
0	2.07495097371048e-152
0	5.48025369962786e-153
0	1.44302334873055e-153
0	3.78811886953882e-154
0	9.91400305180652e-155
0	2.58670771500121e-155
0	6.72846762852589e-156
0	1.74482992364170e-156
0	4.51082284936214e-157
0	1.16257714310047e-157
0	2.98709279061728e-158
0	7.65128089550904e-159
0	1.95377990645759e-159
0	4.97359868429730e-160
0	1.26216746961780e-160
0	3.19309536771162e-161
0	8.05291227690621e-162
0	2.02459291252714e-162
0	5.07415351170393e-163
0	1.26773390203376e-163
0	3.15739322037084e-164
0	7.83903752947225e-165
0	1.94011620739045e-165
0	4.78653327835744e-166
0	1.17717263210406e-166
0	2.88590710514576e-167
0	7.05253129532951e-168
0	1.71800938908968e-168
0	4.17177827471033e-169
0	1.00978612826426e-169
0	2.43639325050381e-170
0	5.85966075195276e-171
0	1.40475935859081e-171
0	3.35685848580660e-172
0	7.99582015790827e-173
0	1.89840608873874e-173
0	4.49271170611835e-174
0	1.05978682571556e-174
0	2.49181730863844e-175
0	5.83981063158048e-176
0	1.36415389392777e-176
0	3.17619488282933e-177
0	7.37101351905698e-178
0	1.70498541320965e-178
0	3.93083313210618e-179
0	9.03266903379487e-180
0	2.06876990057127e-180
0	4.72247771505899e-181
0	1.07445022390049e-181
0	2.43645469454096e-182
0	5.50659351348100e-183
0	1.24038727581603e-183
0	2.78469823172822e-184
0	6.23078059349958e-185
0	1.38946359720163e-185
0	3.08808450687270e-186
0	6.84014556871410e-187
0	1.50998465358667e-187
0	3.32206084493183e-188
0	7.28395595390182e-189
0	1.59165346697245e-189
0	3.46615508225339e-190
0	7.52250498888570e-191
0	1.62700446936488e-191
0	3.50690093495302e-192
0	7.53292153573289e-193
0	1.61252058503293e-193
0	3.43989853437862e-194
0	7.31275767647231e-195
0	1.54920375201814e-195
0	3.27057647156639e-196
0	6.88058030594412e-197
0	1.44247196298857e-197
0	3.01347633653712e-198
0	6.27339742020522e-199
0	1.30139437113914e-199
0	2.69018799058049e-200
0	5.54141111180622e-201
0	1.13741402788315e-201
0	2.32634255656773e-202
0	4.74113163830662e-203
0	9.62808662567129e-204
0	1.94824662492342e-204
0	3.92816898589888e-205
0	7.89178006794367e-206
0	1.57977282033587e-206
0	3.15097822718600e-207
0	6.26215036566248e-208
0	1.24000976597510e-208
0	2.44650675811143e-209
0	4.80931900889281e-210
0	9.41960580890547e-211
0	1.83818810566433e-211
0	3.57397351583371e-212
0	6.92329623637413e-213
0	1.33619773512071e-213
0	2.56933527162430e-214
0	4.92219744708886e-215
0	9.39466793303119e-216
0	1.78642138372636e-216
0	3.38424930406047e-217
0	6.38723094225806e-218
0	1.20096557927586e-218
0	2.24963460071249e-219
0	4.19809895209404e-220
0	7.80455920221509e-221
0	1.44542258083286e-221
0	2.66678335990616e-222
0	4.90142941760571e-223
0	8.97419546459887e-224
0	1.63682278443532e-224
0	2.97397111031747e-225
0	5.38265229144617e-226
0	9.70456167419989e-227
0	1.74289422027432e-227
0	3.11800710717847e-228
0	5.55634962164633e-229
0	9.86288156634611e-230
0	1.74387448758082e-230
0	3.07127789909134e-231
0	5.38779159799964e-232
0	9.41424535391382e-233
0	1.63847009701813e-233
0	2.84030520179474e-234
0	4.90410936713802e-235
0	8.43371778432550e-236
0	1.44456423456987e-236
0	2.46438519213655e-237
0	4.18725382787842e-238
0	7.08588243193705e-239
0	1.19425620863034e-239
0	2.00463312892789e-240
0	3.35120512048843e-241
0	5.57944081955580e-242
0	9.25121350733087e-243
0	1.52763593643304e-243
0	2.51216923624943e-244
0	4.11415336070187e-245
0	6.70979528689518e-246
0	1.08975755244316e-246
0	1.76253155958996e-247
0	2.83873496646894e-248
0	4.55290108781401e-249
0	7.27145728693074e-250
0	1.15642902341743e-250
0	1.83136604936790e-251
0	2.88791435714848e-252
0	4.53461810123954e-253
0	7.08987566495387e-254
0	1.10375379225712e-254
0	1.71094337134151e-255
0	2.64072394542260e-256
0	4.05815257495456e-257
0	6.20934443565340e-258
0	9.45952019753022e-259
0	1.43480328796259e-259
0	2.16675289386251e-260
0	3.25772182777647e-261
0	4.87640732275498e-262
0	7.26709840299640e-263
0	1.07817900621329e-263
0	1.59251337970730e-264
0	2.34170007612892e-265
0	3.42790623201119e-266
0	4.99539172112910e-267
0	7.24680432773497e-268
0	1.04653378312221e-268
0	1.50446819341608e-269
0	2.15292580738409e-270
0	3.06679403877964e-271
0	4.34853322925143e-272
0	6.13757337872283e-273
0	8.62262207655554e-274
0	1.20576792224176e-274
0	1.67827347704937e-275
0	2.32503352298516e-276
0	3.20594435965615e-277
0	4.39982847764739e-278
0	6.00981611729316e-279
0	8.17005348374337e-280
0	1.10539993584646e-280
0	1.48846034382834e-281
0	1.99466888387487e-282
0	2.66018852268647e-283
0	3.53064747287532e-284
0	4.66325161064750e-285
0	6.12925990216454e-286
0	8.01685441579458e-287
0	1.04344300695700e-287
0	1.35143193949501e-288
0	1.74169536734247e-289
0	2.23354432489750e-290
0	2.85005361615800e-291
0	3.61858851713984e-292
0	4.57135186726277e-293
0	5.74593711695952e-294
0	7.18586845438945e-295
0	8.94110433968362e-296
0	1.10684757967910e-296
0	1.36320258761209e-297
0	1.67032120920559e-298
0	2.03609297028104e-299
0	2.46913108319401e-300
0	2.97872530649195e-301
0	3.57476317428651e-302
0	4.26761531634503e-303
0	5.06798116914482e-304
0	5.98669227066785e-305
0	7.03447155868520e-306
0	8.22164865900761e-307
0	9.55783304223902e-308
0	1.10515491074875e-308
0	1.27098396563833e-309
0	1.45378467613851e-310
0	1.65383815938905e-311
0	1.87114972225085e-312
0	2.10540805646607e-313
0	2.35594814096519e-314
0	2.62171975615676e-315
0	2.90126355188181e-316
0	3.19269655789605e-317
0	3.49370887322865e-318
0	3.80157301317698e-319
0	4.11316703032772e-320
0	4.42501206557642e-321
0	4.73332444020068e-322
0	5.03408179093963e-323
0	5.32310210326060e-324
0	5.59613384518589e-325
0	5.84895478039166e-326
0	6.07747648150225e-327
0	6.27785110855078e-328
0	6.44657669618644e-329
0	6.58059703342422e-330
0	6.67739224067726e-331
0	6.73505635986775e-332
0	6.75235867297753e-333
0	6.72878603936820e-334
0	6.66456426825095e-335
0	6.56065738539384e-336
0	6.41874456989213e-337
0	6.24117547932973e-338
0	6.03090559908325e-339
0	5.79141409376119e-340
0	5.52660735981095e-341
0	5.24071203931188e-342
0	4.93816162681700e-343
0	4.62348096637816e-344
0	4.30117288985884e-345
0	3.97561099839365e-346
0	3.65094215648520e-347
0	3.33100168317700e-348
0	3.01924352543078e-349
0	2.71868692882792e-350
0	2.43188032559002e-351
0	2.16088238416881e-352
0	1.90725944882400e-353
0	1.67209797584409e-354
0	1.45603007133402e-355
0	1.25926987047969e-356
0	1.08165827696016e-357
0	9.22713501524238e-359
0	7.81684890240565e-360
0	6.57607698391546e-361
0	5.49356723324546e-362
0	4.55697033798689e-363
0	3.75330398539021e-364
0	3.06936397778834e-365
0	2.49207575892181e-366
0	2.00878341716627e-367
0	1.60747631081649e-368
0	1.27695603281883e-369
0	1.00694844262092e-370
0	7.88166928447936e-372
0	6.12333947904309e-373
0	4.72168280493691e-374
0	3.61345384762294e-375
0	2.74437869400211e-376
0	2.06842449985987e-377
0	1.54698956899308e-378
0	1.14806063490868e-379
0	8.45374840397327e-381
0	6.17615023814615e-382
0	4.47658745946614e-383
0	3.21894296821699e-384
0	2.29610856143613e-385
0	1.62465090523160e-386
0	1.14022721116826e-387
0	7.93708937297868e-389
0	5.47953990747211e-390
0	3.75157731385564e-391
0	2.54709011297502e-392
0	1.71478044203647e-393
0	1.14466737838370e-394
0	7.57580862163163e-396
0	4.97083639255951e-397
0	3.23334575629347e-398
0	2.08481718744264e-399
0	1.33243926861924e-400
0	8.44034984092589e-402
0	5.29878757030765e-403
0	3.29658699317343e-404
0	2.03232398361968e-405
0	1.24145094339499e-406
0	7.51348956598739e-408
0	4.50501273703839e-409
0	2.67583100581354e-410
0	1.57432780309896e-411
0	9.17424531866975e-413
0	5.29478663480153e-414
0	3.02616831407508e-415
0	1.71264395161980e-416
0	9.59693758295111e-418
0	5.32416253809090e-419
0	2.92404277088869e-420
0	1.58960743740232e-421
0	8.55320707029883e-423
0	4.55469604773038e-424
0	2.40015160880119e-425
0	1.25147881913704e-426
0	6.45609176828408e-428
0	3.29482345946661e-429
0	1.66327795240702e-430
0	8.30463854734781e-432
0	4.10064204809896e-433
0	2.00220793064724e-434
0	9.66590652565346e-436
0	4.61318541440356e-437
0	2.17636538254575e-438
0	1.01480311217051e-439
0	4.67623301350694e-441
0	2.12921200246672e-442
0	9.57839662017784e-444
0	4.25656503012674e-445
0	1.86835019797889e-446
0	8.09894430283115e-448
0	3.46662398298115e-449
0	1.46497018040465e-450
0	6.11122786140116e-452
0	2.51615894016051e-453
0	1.02232291273945e-454
0	4.09833333759636e-456
0	1.62077410314409e-457
0	6.32206051868889e-459
0	2.43186052974641e-460
0	9.22323635804303e-462
0	3.44834958521285e-463
0	1.27068775933302e-464
0	4.61402533024355e-466
0	1.65061637811505e-467
0	5.81629283200931e-469
0	2.01830363624297e-470
0	6.89557090459136e-472
0	2.31898451400371e-473
0	7.67479311757917e-475
0	2.49902610088531e-476
0	8.00388565360848e-478
0	2.52083286035640e-479
0	7.80519410650960e-481
0	2.37519521111208e-482
0	7.10176329651393e-484
0	2.08571689105415e-485
0	6.01496675678609e-487
0	1.70279129501595e-488
0	4.73038461099971e-490
0	1.28910853449669e-491
0	3.44497436270707e-493
0	9.02454802576782e-495
0	2.31654635441281e-496
0	5.82450418815680e-498
0	1.43383296076879e-499
0	3.45439000204395e-501
0	8.14105814445728e-503
0	1.87595255272601e-504
0	4.22454504020769e-506
0	9.29246370730724e-508
0	1.99544521202601e-509
0	4.18081158160508e-511
0	8.54151523211303e-513
0	1.70055772065848e-514
0	3.29719367400326e-516
0	6.22147577439167e-518
0	1.14161853479722e-519
0	2.03559853778780e-521
0	3.52413239451642e-523
0	5.91868916137883e-525
0	9.63414570838449e-527
0	1.51841694491418e-528
0	2.31476542018352e-530
0	3.40940300576961e-532
0	4.84605688207069e-534
0	6.63870396258181e-536
0	8.75319674848385e-538
0	1.10916424461622e-539
0	1.34857623119299e-541
0	1.57054753223037e-543
0	1.74864228658780e-545
0	1.85749245632995e-547
0	1.87820733147869e-549
0	1.80328102282272e-551
0	1.63938936392078e-553
0	1.40688065771990e-555
0	1.13575225358799e-557
0	8.59135146474549e-560
0	6.06256639581963e-562
0	3.97051942783169e-564
0	2.39914572361200e-566
0	1.32818347491918e-568
0	6.68109500521979e-571
0	3.02315670336352e-573
0	1.21535230055779e-575
0	4.27300026193506e-578
0	1.28705801700763e-580
0	3.22896588454529e-583
0	6.47739319939426e-586
0	9.74047026944181e-589
