experimental frequency under nntm distribution	expected frequency under uniform distribution
0	4.88733347086874e-595
0	2.44122306869894e-589
0	4.05650713656496e-584
0	3.36354078327080e-579
0	1.67001818013865e-574
0	5.51673805627002e-570
0	1.29909986661732e-565
0	2.28976094740302e-561
0	3.13269827750698e-557
0	3.42185329007261e-553
0	3.05195094941576e-549
0	2.26378461672914e-545
0	1.41795922443191e-541
0	7.59742552450616e-538
0	3.52079893656664e-534
0	1.42476463965954e-530
0	5.07698117405739e-527
0	1.60484370398459e-523
0	4.52972297227645e-520
0	1.14833483883125e-516
0	2.62853844608473e-513
0	5.45859817303595e-510
0	1.03288543951608e-506
0	1.78791346878668e-503
0	2.84144743998080e-500
0	4.15987905213189e-497
0	5.62739193996730e-494
0	7.05435264059642e-491
0	8.21637479798018e-488
0	8.91346336877157e-485
0	9.02722983133858e-482
0	8.55339126549403e-479
0	7.59754979157507e-476
0	6.33844212807718e-473
0	4.97552793072581e-470
0	3.68106141408198e-467
0	2.57082897227019e-464
0	1.69742731257862e-461
0	1.06107074692085e-458
0	6.28808209137747e-456
0	3.53727622818366e-453
0	1.89114865662892e-450
0	9.62037583674105e-448
0	4.66174328191291e-445
0	2.15403617912922e-442
0	9.50044420686666e-440
0	4.00350125048567e-437
0	1.61340035633601e-434
0	6.22349980309518e-432
0	2.29977877295177e-429
0	8.14798091146382e-427
0	2.76991409906871e-424
0	9.04194034490334e-422
0	2.83628797913314e-419
0	8.55529502209485e-417
0	2.48317438016303e-414
0	6.93981892561352e-412
0	1.86865435239859e-409
0	4.85077987481527e-407
0	1.21464350231455e-404
0	2.93552121185058e-402
0	6.85105011330521e-400
0	1.54487496694756e-397
0	3.36755922048615e-395
0	7.09965672658993e-393
0	1.44832997222435e-390
0	2.86027155459927e-388
0	5.47081553698860e-386
0	1.01389183185884e-383
0	1.82141994072310e-381
0	3.17311876715550e-379
0	5.36283141873892e-377
0	8.79634954351569e-375
0	1.40079831042329e-372
0	2.16657310137653e-370
0	3.25575121049837e-368
0	4.75511032059630e-366
0	6.75225665524675e-364
0	9.32523681784309e-362
0	1.25294885232805e-359
0	1.63834663820155e-357
0	2.08550032470136e-355
0	2.58509501165399e-353
0	3.12126863364946e-351
0	3.67195834277843e-349
0	4.21014386513860e-347
0	4.70594148069241e-345
0	5.12934098575126e-343
0	5.45323869743578e-341
0	5.65633609671406e-339
0	5.72546909345168e-337
0	5.65701239776910e-335
0	5.45715245064455e-333
0	5.14100965870856e-331
0	4.73077666177659e-329
0	4.25318608365184e-327
0	3.73670167392315e-325
0	3.20883065100311e-323
0	2.69388973224690e-321
0	2.21144401330961e-319
0	1.77550490137898e-317
0	1.39444866599275e-315
0	1.07152217490318e-313
0	8.05748264579499e-312
0	5.93030722730511e-310
0	4.27280500603820e-308
0	3.01428272745666e-306
0	2.08240611042160e-304
0	1.40906649821015e-302
0	9.34017180079632e-301
0	6.06606292900366e-299
0	3.86062552289011e-297
0	2.40810787593725e-295
0	1.47241159534951e-293
0	8.82640556351228e-292
0	5.18806061949446e-290
0	2.99058896629480e-288
0	1.69083732478536e-286
0	9.37782547761561e-285
0	5.10291615180489e-283
0	2.72464795741825e-281
0	1.42769928737445e-279
0	7.34268997349514e-278
0	3.70699930221027e-276
0	1.83736105027203e-274
0	8.94182377799053e-273
0	4.27337816161621e-271
0	2.00578007140102e-269
0	9.24728751232105e-268
0	4.18808934589027e-266
0	1.86353990818278e-264
0	8.14765253749379e-263
0	3.50063176567058e-261
0	1.47818507409156e-259
0	6.13517895909108e-258
0	2.50315969851064e-256
0	1.00405830414283e-254
0	3.95989633679585e-253
0	1.53570568466294e-251
0	5.85700470942709e-250
0	2.19699985164254e-248
0	8.10614159625618e-247
0	2.94218688641580e-245
0	1.05060590069098e-243
0	3.69116898419394e-242
0	1.27609483049214e-240
0	4.34146939884654e-239
0	1.45366587664210e-237
0	4.79076908146610e-236
0	1.55416407340276e-234
0	4.96337564015843e-233
0	1.56056989836194e-231
0	4.83116365439232e-230
0	1.47271550876378e-228
0	4.42099694340506e-227
0	1.30704635439701e-225
0	3.80597468164650e-224
0	1.09163933652908e-222
0	3.08435694174174e-221
0	8.58530269772030e-220
0	2.35442594634221e-218
0	6.36187880509215e-217
0	1.69390383777997e-215
0	4.44453956023455e-214
0	1.14929288823431e-212
0	2.92908139306624e-211
0	7.35799361993145e-210
0	1.82198461777375e-208
0	4.44751116954001e-207
0	1.07030060651953e-205
0	2.53945110882255e-204
0	5.94084089639444e-203
0	1.37043435991931e-201
0	3.11744452382203e-200
0	6.99353888049877e-199
0	1.54732047731035e-197
0	3.37656799074081e-196
0	7.26790559276602e-195
0	1.54314912464370e-193
0	3.23219337230074e-192
0	6.67887422375785e-191
0	1.36160474506445e-189
0	2.73883446261324e-188
0	5.43590967085769e-187
0	1.06462067335195e-185
0	2.05758597095606e-184
0	3.92451011727894e-183
0	7.38755875080524e-182
0	1.37254903599476e-180
0	2.51703553821137e-179
0	4.55625741363028e-178
0	8.14155192129633e-177
0	1.43617889882816e-175
0	2.50111924591179e-174
0	4.30037801889864e-173
0	7.30040363684459e-172
0	1.22370435145513e-170
0	2.02542740540340e-169
0	3.31045987930619e-168
0	5.34333177735189e-167
0	8.51743035554003e-166
0	1.34090475426363e-164
0	2.08497184101838e-163
0	3.20210229092712e-162
0	4.85760908319382e-161
0	7.27916689563512e-160
0	1.07753588469860e-158
0	1.57576609418756e-157
0	2.27656733081307e-156
0	3.24950031640266e-155
0	4.58266813973563e-154
0	6.38563640833993e-153
0	8.79208631284879e-152
0	1.19618820574592e-150
0	1.60821667612850e-149
0	2.13670493397512e-148
0	2.80554208176662e-147
0	3.64064543359878e-146
0	4.66924100972966e-145
0	5.91884930005045e-144
0	7.41597000535733e-143
0	9.18448431506099e-142
0	1.12438228355240e-140
0	1.36069794342794e-139
0	1.62784830632096e-138
0	1.92524674812473e-137
0	2.25109988277771e-136
0	2.60228294703159e-135
0	2.97427404109933e-134
0	3.36116119337538e-133
0	3.75573228998901e-132
0	4.14965248707119e-131
0	4.53372717486375e-130
0	4.89824143413034e-129
0	5.23335989064034e-128
0	5.52956466339044e-127
0	5.77810441815986e-126
0	5.97142496310103e-125
0	6.10355174237318e-124
0	6.17039712599520e-123
0	6.16997040420225e-122
0	6.10247544316043e-121
0	5.97028938698423e-120
0	5.77782478578539e-119
0	5.53128621998443e-118
0	5.23834005084240e-117
0	4.90772166937075e-116
0	4.54880806850802e-115
0	4.17118451490005e-114
0	3.78423260587764e-113
0	3.39676337093320e-112
0	3.01671381714685e-111
0	2.65091904994692e-110
0	2.30496549231605e-109
0	1.98312440972522e-108
0	1.68835945648435e-107
0	1.42239767683023e-106
0	1.18585053625666e-105
0	9.78370171113574e-105
0	7.98826023495704e-104
0	6.45488154617793e-103
0	5.16205510564603e-102
0	4.08569926802810e-101
0	3.20059388477372e-100
0	2.48156738437047e-99
0	1.90442430450993e-98
0	1.44661917158072e-97
0	1.08769766327380e-96
0	8.09536019829578e-96
0	5.96415046017690e-95
0	4.34966463040071e-94
0	3.14027705985504e-93
0	2.24437448689640e-92
0	1.58799051286976e-91
0	1.11233519399295e-90
0	7.71380275834240e-90
0	5.29610091018407e-89
0	3.60005014367409e-88
0	2.42289752107828e-87
0	1.61452685530921e-86
0	1.06524298567376e-85
0	6.95912507033635e-85
0	4.50165732471315e-84
0	2.88344224444618e-83
0	1.82885904610307e-82
0	1.14865182193842e-81
0	7.14405401449503e-81
0	4.40005481248447e-80
0	2.68372047516173e-79
0	1.62102992910401e-78
0	9.69679012336767e-78
0	5.74455959634003e-77
0	3.37043348180607e-76
0	1.95849957270428e-75
0	1.12714100509484e-74
0	6.42478117803317e-74
0	3.62720378819891e-73
0	2.02827681877511e-72
0	1.12339428938344e-71
0	6.16303875801747e-71
0	3.34906214679864e-70
0	1.80270633036520e-69
0	9.61187270777700e-69
0	5.07668245567327e-68
0	2.65612551707999e-67
0	1.37664313202822e-66
0	7.06815143249207e-66
0	3.59508744685223e-65
0	1.81150522807409e-64
0	9.04281321556157e-64
0	4.47207023446489e-63
0	2.19109872018195e-62
0	1.06358125309791e-61
0	5.11495554388641e-61
0	2.43715142921229e-60
0	1.15053428581590e-59
0	5.38145723631536e-59
0	2.49396478384612e-58
0	1.14519011859410e-57
0	5.21036823138793e-57
0	2.34892651926706e-56
0	1.04926989848879e-55
0	4.64438579512814e-55
0	2.03703794125157e-54
0	8.85331897331113e-54
0	3.81290179095976e-53
0	1.62724870996524e-52
0	6.88188324511125e-52
0	2.88417691165119e-51
0	1.19785390032832e-50
0	4.93013986972997e-50
0	2.01091671259879e-49
0	8.12857367783476e-49
0	3.25631149736684e-48
0	1.29281008667735e-47
0	5.08682177761668e-47
0	1.98365923424864e-46
0	7.66658711579502e-46
0	2.93668384619323e-45
0	1.11490542320400e-44
0	4.19517543494028e-44
0	1.56458438688491e-43
0	5.78349113438196e-43
0	2.11898935380375e-42
0	7.69520946726144e-42
0	2.76994018923758e-41
0	9.88288783181773e-41
0	3.49515207793546e-40
0	1.22524286804128e-39
0	4.25752587659317e-39
0	1.46648113527098e-38
0	5.00708257991828e-38
0	1.69467759556866e-37
0	5.68575847063694e-37
0	1.89100897740460e-36
0	6.23458387889835e-36
0	2.03767463854278e-35
0	6.60207475723721e-35
0	2.12055217957709e-34
0	6.75219648749553e-34
0	2.13144127964771e-33
0	6.67019349049393e-33
0	2.06940156658870e-32
0	6.36497754571979e-32
0	1.94088219407839e-31
0	5.86754010704767e-31
0	1.75861956469999e-30
0	5.22577835079175e-30
0	1.53956343812916e-29
0	4.49692802035012e-29
0	1.30229751287957e-28
0	3.73925046683467e-28
0	1.06449364741366e-27
0	3.00462187374384e-27
0	8.40869942736687e-27
0	2.33326500067893e-26
0	6.41947450663682e-26
0	1.75121296886031e-25
0	4.73681459641206e-25
0	1.27041485879691e-24
0	3.37847167380845e-24
0	8.90869892521888e-24
0	2.32933133586530e-23
1	6.03913739089326e-23
0	1.55256157090881e-22
0	3.95782535174681e-22
0	1.00046486931030e-21
2	2.50777170702968e-21
0	6.23330773144481e-21
0	1.53637415241884e-20
1	3.75514466750623e-20
1	9.10145814324789e-20
3	2.18752603573810e-19
3	5.21382834531561e-19
4	1.23232348917149e-18
6	2.88842066765722e-18
4	6.71377935765272e-18
12	1.54756085680886e-17
9	3.53757431510156e-17
8	8.01943272150611e-17
12	1.80287246843834e-16
17	4.01950574531793e-16
27	8.88729427912777e-16
17	1.94876138209363e-15
28	4.23782352331928e-15
22	9.13955469098998e-15
34	1.95482553735527e-14
42	4.14662316886528e-14
37	8.72343438784920e-14
29	1.82007599507757e-13
41	3.76619962449467e-13
48	7.72914765967533e-13
49	1.57317471453882e-12
41	3.17571844855810e-12
39	6.35812806805142e-12
36	1.26252889423581e-11
43	2.48645528630974e-11
43	4.85679439744156e-11
36	9.40916216451968e-11
40	1.80795142211332e-10
29	3.44555746082878e-10
30	6.51285647181458e-10
31	1.22102650475077e-9
29	2.27050529402187e-9
33	4.18760807701863e-9
18	7.66051253857260e-9
17	1.38995292154890e-8
15	2.50146805469193e-8
13	4.46523736865568e-8
14	7.90589313954231e-8
5	1.38840502893586e-7
8	2.41847879089740e-7
5	4.17860425427525e-7
7	7.16118693774476e-7
5	1.21732212216480e-6
3	2.05255426261247e-6
0	3.43284561818534e-6
3	5.69490159573696e-6
0	9.37113736231550e-6
0	0.0000152958735238432
0	0.0000247647476100319
0	0.0000397715834633565
0	0.0000633567503399134
0	0.000100114179255624
0	0.000156921552799031
0	0.000243980716293269
0	0.000376284100473969
0	0.000575658904549207
0	0.000873584824247697
0	0.00131503376126991
0	0.00196364119907784
0	0.00290858789740377
0	0.00427364514890757
0	0.00622891333963463
0	0.00900585620294310
0	0.0129162937647473
0	0.0183760546248047
0	0.0259339891246801
0	0.0363069926236460
0	0.0504215638490609
0	0.0694622072190166
0	0.0949266606246865
0	0.128687474410572
0	0.173058871499873
0	0.230867079632701
0	0.305521453484117
0	0.401082721626845
0	0.522323644259942
0	0.674776316548084
0	0.864759384903604
0	1.09937766496554
0	1.38648618125152
0	1.73461061856221
0	2.15281671117406
0	2.65052230944202
0	3.23724783614513
0	3.92230361205154
0	4.71441606576120
0	5.62129904721833
0	6.64918115640045
0	7.80230491550593
0	9.08241841683880
0	10.4882843741990
0	12.0152348660949
0	13.6548020605686
0	15.3944554731471
0	17.2174745367065
0	19.1029812871875
0	21.0261517858775
0	22.9586166856254
0	24.8690514752934
0	26.7239459559528
0	28.4885311174435
0	30.1278306020492
0	31.6077942105709
0	32.8964632397654
0	33.9651125453734
0	34.7893126291997
0	35.3498570423928
0	35.6335059954945
0	35.6335059954945
0	35.3498570423928
0	34.7893126291997
0	33.9651125453734
0	32.8964632397654
0	31.6077942105709
0	30.1278306020492
0	28.4885311174435
0	26.7239459559528
0	24.8690514752934
0	22.9586166856254
0	21.0261517858775
0	19.1029812871875
0	17.2174745367065
0	15.3944554731471
0	13.6548020605686
0	12.0152348660949
0	10.4882843741990
0	9.08241841683880
0	7.80230491550593
0	6.64918115640045
0	5.62129904721833
0	4.71441606576120
0	3.92230361205154
0	3.23724783614513
0	2.65052230944202
0	2.15281671117406
0	1.73461061856221
0	1.38648618125152
0	1.09937766496554
0	0.864759384903604
0	0.674776316548084
0	0.522323644259942
0	0.401082721626845
0	0.305521453484117
0	0.230867079632701
0	0.173058871499873
0	0.128687474410572
0	0.0949266606246865
0	0.0694622072190166
0	0.0504215638490609
0	0.0363069926236460
0	0.0259339891246801
0	0.0183760546248047
0	0.0129162937647473
0	0.00900585620294310
0	0.00622891333963463
0	0.00427364514890757
0	0.00290858789740377
0	0.00196364119907784
0	0.00131503376126991
0	0.000873584824247697
0	0.000575658904549207
0	0.000376284100473969
0	0.000243980716293269
0	0.000156921552799031
0	0.000100114179255624
0	0.0000633567503399134
0	0.0000397715834633565
0	0.0000247647476100319
0	0.0000152958735238432
0	9.37113736231550e-6
0	5.69490159573696e-6
0	3.43284561818534e-6
0	2.05255426261247e-6
0	1.21732212216480e-6
0	7.16118693774476e-7
0	4.17860425427525e-7
0	2.41847879089740e-7
0	1.38840502893586e-7
0	7.90589313954231e-8
0	4.46523736865568e-8
0	2.50146805469193e-8
0	1.38995292154890e-8
0	7.66051253857260e-9
0	4.18760807701863e-9
0	2.27050529402187e-9
0	1.22102650475077e-9
0	6.51285647181458e-10
0	3.44555746082878e-10
0	1.80795142211332e-10
0	9.40916216451968e-11
0	4.85679439744156e-11
0	2.48645528630974e-11
0	1.26252889423581e-11
0	6.35812806805142e-12
0	3.17571844855810e-12
0	1.57317471453882e-12
0	7.72914765967533e-13
0	3.76619962449467e-13
0	1.82007599507757e-13
0	8.72343438784920e-14
0	4.14662316886528e-14
0	1.95482553735527e-14
0	9.13955469098998e-15
0	4.23782352331928e-15
0	1.94876138209363e-15
0	8.88729427912777e-16
0	4.01950574531793e-16
0	1.80287246843834e-16
0	8.01943272150611e-17
0	3.53757431510156e-17
0	1.54756085680886e-17
0	6.71377935765272e-18
0	2.88842066765722e-18
0	1.23232348917149e-18
0	5.21382834531561e-19
0	2.18752603573810e-19
0	9.10145814324789e-20
0	3.75514466750623e-20
0	1.53637415241884e-20
0	6.23330773144481e-21
0	2.50777170702968e-21
0	1.00046486931030e-21
0	3.95782535174681e-22
0	1.55256157090881e-22
0	6.03913739089326e-23
0	2.32933133586530e-23
0	8.90869892521888e-24
0	3.37847167380845e-24
0	1.27041485879691e-24
0	4.73681459641206e-25
0	1.75121296886031e-25
0	6.41947450663682e-26
0	2.33326500067893e-26
0	8.40869942736687e-27
0	3.00462187374384e-27
0	1.06449364741366e-27
0	3.73925046683467e-28
0	1.30229751287957e-28
0	4.49692802035012e-29
0	1.53956343812916e-29
0	5.22577835079175e-30
0	1.75861956469999e-30
0	5.86754010704767e-31
0	1.94088219407839e-31
0	6.36497754571979e-32
0	2.06940156658870e-32
0	6.67019349049393e-33
0	2.13144127964771e-33
0	6.75219648749553e-34
0	2.12055217957709e-34
0	6.60207475723721e-35
0	2.03767463854278e-35
0	6.23458387889835e-36
0	1.89100897740460e-36
0	5.68575847063694e-37
0	1.69467759556866e-37
0	5.00708257991828e-38
0	1.46648113527098e-38
0	4.25752587659317e-39
0	1.22524286804128e-39
0	3.49515207793546e-40
0	9.88288783181773e-41
0	2.76994018923758e-41
0	7.69520946726144e-42
0	2.11898935380376e-42
0	5.78349113438196e-43
0	1.56458438688491e-43
0	4.19517543494028e-44
0	1.11490542320400e-44
0	2.93668384619323e-45
0	7.66658711579502e-46
0	1.98365923424864e-46
0	5.08682177761668e-47
0	1.29281008667735e-47
0	3.25631149736684e-48
0	8.12857367783476e-49
0	2.01091671259879e-49
0	4.93013986972997e-50
0	1.19785390032832e-50
0	2.88417691165119e-51
0	6.88188324511125e-52
0	1.62724870996524e-52
0	3.81290179095976e-53
0	8.85331897331113e-54
0	2.03703794125157e-54
0	4.64438579512814e-55
0	1.04926989848879e-55
0	2.34892651926706e-56
0	5.21036823138793e-57
0	1.14519011859410e-57
0	2.49396478384612e-58
0	5.38145723631535e-59
0	1.15053428581590e-59
0	2.43715142921229e-60
0	5.11495554388641e-61
0	1.06358125309791e-61
0	2.19109872018195e-62
0	4.47207023446489e-63
0	9.04281321556157e-64
0	1.81150522807409e-64
0	3.59508744685224e-65
0	7.06815143249207e-66
0	1.37664313202822e-66
0	2.65612551707999e-67
0	5.07668245567327e-68
0	9.61187270777700e-69
0	1.80270633036520e-69
0	3.34906214679864e-70
0	6.16303875801747e-71
0	1.12339428938344e-71
0	2.02827681877511e-72
0	3.62720378819891e-73
0	6.42478117803317e-74
0	1.12714100509484e-74
0	1.95849957270428e-75
0	3.37043348180607e-76
0	5.74455959634003e-77
0	9.69679012336767e-78
0	1.62102992910401e-78
0	2.68372047516173e-79
0	4.40005481248447e-80
0	7.14405401449503e-81
0	1.14865182193842e-81
0	1.82885904610307e-82
0	2.88344224444618e-83
0	4.50165732471315e-84
0	6.95912507033635e-85
0	1.06524298567376e-85
0	1.61452685530921e-86
0	2.42289752107828e-87
0	3.60005014367409e-88
0	5.29610091018407e-89
0	7.71380275834240e-90
0	1.11233519399295e-90
0	1.58799051286976e-91
0	2.24437448689640e-92
0	3.14027705985504e-93
0	4.34966463040071e-94
0	5.96415046017691e-95
0	8.09536019829578e-96
0	1.08769766327380e-96
0	1.44661917158072e-97
0	1.90442430450993e-98
0	2.48156738437047e-99
0	3.20059388477372e-100
0	4.08569926802810e-101
0	5.16205510564603e-102
0	6.45488154617793e-103
0	7.98826023495704e-104
0	9.78370171113574e-105
0	1.18585053625666e-105
0	1.42239767683023e-106
0	1.68835945648435e-107
0	1.98312440972522e-108
0	2.30496549231605e-109
0	2.65091904994692e-110
0	3.01671381714685e-111
0	3.39676337093320e-112
0	3.78423260587764e-113
0	4.17118451490005e-114
0	4.54880806850802e-115
0	4.90772166937075e-116
0	5.23834005084240e-117
0	5.53128621998443e-118
0	5.77782478578539e-119
0	5.97028938698423e-120
0	6.10247544316043e-121
0	6.16997040420225e-122
0	6.17039712599520e-123
0	6.10355174237318e-124
0	5.97142496310103e-125
0	5.77810441815986e-126
0	5.52956466339044e-127
0	5.23335989064034e-128
0	4.89824143413034e-129
0	4.53372717486375e-130
0	4.14965248707119e-131
0	3.75573228998901e-132
0	3.36116119337538e-133
0	2.97427404109933e-134
0	2.60228294703159e-135
0	2.25109988277771e-136
0	1.92524674812473e-137
0	1.62784830632096e-138
0	1.36069794342794e-139
0	1.12438228355240e-140
0	9.18448431506099e-142
0	7.41597000535733e-143
0	5.91884930005045e-144
0	4.66924100972966e-145
0	3.64064543359878e-146
0	2.80554208176662e-147
0	2.13670493397512e-148
0	1.60821667612850e-149
0	1.19618820574592e-150
0	8.79208631284879e-152
0	6.38563640833993e-153
0	4.58266813973563e-154
0	3.24950031640266e-155
0	2.27656733081307e-156
0	1.57576609418756e-157
0	1.07753588469860e-158
0	7.27916689563512e-160
0	4.85760908319382e-161
0	3.20210229092712e-162
0	2.08497184101838e-163
0	1.34090475426363e-164
0	8.51743035554003e-166
0	5.34333177735189e-167
0	3.31045987930619e-168
0	2.02542740540340e-169
0	1.22370435145513e-170
0	7.30040363684459e-172
0	4.30037801889864e-173
0	2.50111924591179e-174
0	1.43617889882816e-175
0	8.14155192129633e-177
0	4.55625741363028e-178
0	2.51703553821137e-179
0	1.37254903599476e-180
0	7.38755875080524e-182
0	3.92451011727894e-183
0	2.05758597095606e-184
0	1.06462067335195e-185
0	5.43590967085769e-187
0	2.73883446261324e-188
0	1.36160474506445e-189
0	6.67887422375785e-191
0	3.23219337230074e-192
0	1.54314912464370e-193
0	7.26790559276602e-195
0	3.37656799074081e-196
0	1.54732047731035e-197
0	6.99353888049877e-199
0	3.11744452382203e-200
0	1.37043435991931e-201
0	5.94084089639444e-203
0	2.53945110882255e-204
0	1.07030060651953e-205
0	4.44751116954001e-207
0	1.82198461777375e-208
0	7.35799361993145e-210
0	2.92908139306624e-211
0	1.14929288823431e-212
0	4.44453956023455e-214
0	1.69390383777997e-215
0	6.36187880509215e-217
0	2.35442594634221e-218
0	8.58530269772030e-220
0	3.08435694174174e-221
0	1.09163933652908e-222
0	3.80597468164650e-224
0	1.30704635439701e-225
0	4.42099694340506e-227
0	1.47271550876378e-228
0	4.83116365439232e-230
0	1.56056989836194e-231
0	4.96337564015843e-233
0	1.55416407340276e-234
0	4.79076908146610e-236
0	1.45366587664210e-237
0	4.34146939884654e-239
0	1.27609483049214e-240
0	3.69116898419394e-242
0	1.05060590069098e-243
0	2.94218688641580e-245
0	8.10614159625618e-247
0	2.19699985164254e-248
0	5.85700470942709e-250
0	1.53570568466294e-251
0	3.95989633679585e-253
0	1.00405830414283e-254
0	2.50315969851064e-256
0	6.13517895909108e-258
0	1.47818507409156e-259
0	3.50063176567058e-261
0	8.14765253749379e-263
0	1.86353990818278e-264
0	4.18808934589027e-266
0	9.24728751232105e-268
0	2.00578007140102e-269
0	4.27337816161621e-271
0	8.94182377799053e-273
0	1.83736105027203e-274
0	3.70699930221027e-276
0	7.34268997349514e-278
0	1.42769928737445e-279
0	2.72464795741825e-281
0	5.10291615180489e-283
0	9.37782547761561e-285
0	1.69083732478536e-286
0	2.99058896629480e-288
0	5.18806061949446e-290
0	8.82640556351228e-292
0	1.47241159534951e-293
0	2.40810787593725e-295
0	3.86062552289011e-297
0	6.06606292900366e-299
0	9.34017180079632e-301
0	1.40906649821015e-302
0	2.08240611042160e-304
0	3.01428272745666e-306
0	4.27280500603820e-308
0	5.93030722730511e-310
0	8.05748264579499e-312
0	1.07152217490318e-313
0	1.39444866599275e-315
0	1.77550490137898e-317
0	2.21144401330961e-319
0	2.69388973224690e-321
0	3.20883065100311e-323
0	3.73670167392315e-325
0	4.25318608365184e-327
0	4.73077666177659e-329
0	5.14100965870856e-331
0	5.45715245064455e-333
0	5.65701239776910e-335
0	5.72546909345168e-337
0	5.65633609671406e-339
0	5.45323869743578e-341
0	5.12934098575126e-343
0	4.70594148069241e-345
0	4.21014386513860e-347
0	3.67195834277843e-349
0	3.12126863364946e-351
0	2.58509501165399e-353
0	2.08550032470136e-355
0	1.63834663820155e-357
0	1.25294885232805e-359
0	9.32523681784309e-362
0	6.75225665524675e-364
0	4.75511032059630e-366
0	3.25575121049837e-368
0	2.16657310137653e-370
0	1.40079831042329e-372
0	8.79634954351569e-375
0	5.36283141873892e-377
0	3.17311876715550e-379
0	1.82141994072310e-381
0	1.01389183185884e-383
0	5.47081553698860e-386
0	2.86027155459927e-388
0	1.44832997222435e-390
0	7.09965672658993e-393
0	3.36755922048615e-395
0	1.54487496694756e-397
0	6.85105011330521e-400
0	2.93552121185058e-402
0	1.21464350231455e-404
0	4.85077987481527e-407
0	1.86865435239859e-409
0	6.93981892561352e-412
0	2.48317438016303e-414
0	8.55529502209485e-417
0	2.83628797913314e-419
0	9.04194034490334e-422
0	2.76991409906871e-424
0	8.14798091146382e-427
0	2.29977877295177e-429
0	6.22349980309518e-432
0	1.61340035633601e-434
0	4.00350125048567e-437
0	9.50044420686666e-440
0	2.15403617912922e-442
0	4.66174328191291e-445
0	9.62037583674105e-448
0	1.89114865662892e-450
0	3.53727622818366e-453
0	6.28808209137747e-456
0	1.06107074692085e-458
0	1.69742731257862e-461
0	2.57082897227019e-464
0	3.68106141408198e-467
0	4.97552793072581e-470
0	6.33844212807718e-473
0	7.59754979157507e-476
0	8.55339126549402e-479
0	9.02722983133858e-482
0	8.91346336877157e-485
0	8.21637479798018e-488
0	7.05435264059642e-491
0	5.62739193996730e-494
0	4.15987905213189e-497
0	2.84144743998080e-500
0	1.78791346878668e-503
0	1.03288543951608e-506
0	5.45859817303595e-510
0	2.62853844608473e-513
0	1.14833483883125e-516
0	4.52972297227645e-520
0	1.60484370398459e-523
0	5.07698117405739e-527
0	1.42476463965954e-530
0	3.52079893656664e-534
0	7.59742552450616e-538
0	1.41795922443191e-541
0	2.26378461672914e-545
0	3.05195094941576e-549
0	3.42185329007261e-553
0	3.13269827750698e-557
0	2.28976094740302e-561
0	1.29909986661732e-565
0	5.51673805627002e-570
0	1.67001818013865e-574
0	3.36354078327080e-579
0	4.05650713656496e-584
0	2.44122306869894e-589
