experimental frequency under nntm distribution	expected frequency under uniform distribution
4150703	0.000000000000000
0	1.25187593796898e6
1125308	0.000000000000000
0	626251.408127699
716483	0.000000000000000
0	391603.324129977
457816	0.000000000000000
0	274259.869453398
333808	0.000000000000000
0	205798.214446699
254432	0.000000000000000
0	161779.893494155
203586	0.000000000000000
0	131512.316540731
166631	0.000000000000000
0	109648.807997436
140162	0.000000000000000
0	93248.4870433061
120200	0.000000000000000
0	80573.4368564275
104200	0.000000000000000
0	70537.3821898740
91610	0.000000000000000
0	62430.0156676030
81120	0.000000000000000
0	55769.3087518913
72845	0.000000000000000
0	50217.8175005626
65415	0.000000000000000
0	45532.9868598138
59782	0.000000000000000
0	41536.4548670395
54718	0.000000000000000
0	38094.4405592980
50228	0.000000000000000
0	35104.8406975398
46210	0.000000000000000
0	32488.5196613452
43055	0.000000000000000
0	30183.2950565408
39696	0.000000000000000
0	28139.7001107199
37228	0.000000000000000
0	26317.9435151625
34864	0.000000000000000
0	24685.6925426748
32487	0.000000000000000
0	23216.4324806366
30784	0.000000000000000
0	21888.2361501787
29201	0.000000000000000
0	20682.8296100115
27748	0.000000000000000
0	19584.8747180280
26117	0.000000000000000
0	18581.4124729238
24777	0.000000000000000
0	17661.4269454430
23649	0.000000000000000
0	16815.5006278354
22353	0.000000000000000
0	16035.5397780593
21375	0.000000000000000
0	15314.5538528994
20588	0.000000000000000
0	14646.4771002345
19473	0.000000000000000
0	14026.0232776158
18564	0.000000000000000
0	13448.5665968439
18053	0.000000000000000
0	12910.0435792633
17314	0.000000000000000
0	12406.8716952984
16542	0.000000000000000
0	11935.8815610113
15867	0.000000000000000
0	11494.2601501606
15355	0.000000000000000
0	11079.5030070726
14831	0.000000000000000
0	10689.3738533210
14227	0.000000000000000
0	10321.8702988292
13802	0.000000000000000
0	9975.19461706220
13425	0.000000000000000
0	9647.72874045399
12992	0.000000000000000
0	9338.01278812353
12535	0.000000000000000
0	9044.72656232934
12217	0.000000000000000
0	8766.67354989276
11856	0.000000000000000
0	8502.76704525728
11418	0.000000000000000
0	8252.01807700723
11142	0.000000000000000
0	8013.52487268985
10771	0.000000000000000
0	7786.46364012022
10455	0.000000000000000
0	7570.08047891737
10178	0.000000000000000
0	7363.68426533211
10018	0.000000000000000
0	7166.64037767697
9679	0.000000000000000
0	6978.36514980531
9474	0.000000000000000
0	6798.32095686781
9109	0.000000000000000
0	6626.01185160721
8988	0.000000000000000
0	6460.97968122595
8578	0.000000000000000
0	6302.80062477108
8369	0.000000000000000
0	6151.08209934758
8282	0.000000000000000
0	6005.45999055601
8089	0.000000000000000
0	5865.59616856727
7907	0.000000000000000
0	5731.17625637093
7742	0.000000000000000
0	5601.90762110875
7587	0.000000000000000
0	5477.51756315011
7336	0.000000000000000
0	5357.75168078102
7271	0.000000000000000
0	5242.37239114323
7207	0.000000000000000
0	5131.15759044524
6936	0.000000000000000
0	5023.89943852779
6688	0.000000000000000
0	4920.40325465215
6584	0.000000000000000
0	4820.48651292912
6446	0.000000000000000
0	4723.97792715526
6382	0.000000000000000
0	4630.71661599776
6277	0.000000000000000
0	4540.55134049576
6148	0.000000000000000
0	4453.33980674430
5964	0.000000000000000
0	4368.94802741398
5852	0.000000000000000
0	4287.24973645114
5792	0.000000000000000
0	4208.12585191165
5802	0.000000000000000
0	4131.46398241738
5535	0.000000000000000
0	4057.15797319773
5420	0.000000000000000
0	3985.10748809697
5379	0.000000000000000
0	3915.21762429880
5276	0.000000000000000
0	3847.39855684793
5217	0.000000000000000
0	3781.56521034071
5148	0.000000000000000
0	3717.63695541630
5055	0.000000000000000
0	3655.53732791119
4918	0.000000000000000
0	3595.19376874641
4895	0.000000000000000
0	3536.53738280103
4804	0.000000000000000
0	3479.50271519031
4687	0.000000000000000
0	3424.02754351472
4680	0.000000000000000
0	3370.05268477849
4561	0.000000000000000
0	3317.52181579495
4453	0.000000000000000
0	3266.38130600338
4447	0.000000000000000
0	3216.58006171758
4438	0.000000000000000
0	3168.06938091379
4313	0.000000000000000
0	3120.80281774320
4258	0.000000000000000
0	3074.73605602527
4047	0.000000000000000
0	3029.82679104178
4106	0.000000000000000
0	2986.03461900930
3935	0.000000000000000
0	2943.32093366034
3929	0.000000000000000
0	2901.64882941043
3841	0.000000000000000
0	2860.98301063215
3856	0.000000000000000
0	2821.28970659563
3767	0.000000000000000
0	2782.53659167116
3680	0.000000000000000
0	2744.69271042164
3641	0.000000000000000
0	2707.72840724247
3595	0.000000000000000
0	2671.61526023299
3486	0.000000000000000
0	2636.32601900873
3569	0.000000000000000
0	2601.83454618572
3522	0.000000000000000
0	2568.11576228899
3452	0.000000000000000
0	2535.14559385601
3463	0.000000000000000
0	2502.90092452314
3389	0.000000000000000
0	2471.35954889906
3384	0.000000000000000
0	2440.50012904326
3336	0.000000000000000
0	2410.30215338161
3303	0.000000000000000
0	2380.74589790248
3276	0.000000000000000
0	2351.81238948888
3090	0.000000000000000
0	2323.48337125189
3085	0.000000000000000
0	2295.74126974034
3190	0.000000000000000
0	2268.56916391070
3102	0.000000000000000
0	2241.95075574881
3109	0.000000000000000
0	2215.87034244290
3010	0.000000000000000
0	2190.31279001421
3019	0.000000000000000
0	2165.26350831757
2971	0.000000000000000
0	2140.70842733070
2867	0.000000000000000
0	2116.63397465595
2836	0.000000000000000
0	2093.02705416372
2791	0.000000000000000
0	2069.87502571092
2832	0.000000000000000
0	2047.16568587281
2759	0.000000000000000
0	2024.88724962999
2691	0.000000000000000
0	2003.02833295642
2629	0.000000000000000
0	1981.57793625771
2610	0.000000000000000
0	1960.52542861197
2607	0.000000000000000
0	1939.86053276894
2696	0.000000000000000
0	1919.57331086526
2521	0.000000000000000
0	1899.65415081702
2666	0.000000000000000
0	1880.09375335260
2513	0.000000000000000
0	1860.88311965136
2579	0.000000000000000
0	1842.01353955573
2495	0.000000000000000
0	1823.47658032621
2533	0.000000000000000
0	1805.26407591063
2437	0.000000000000000
0	1787.36811670073
2428	0.000000000000000
0	1769.78103975068
2383	0.000000000000000
0	1752.49541943369
2390	0.000000000000000
0	1735.50405851415
2384	0.000000000000000
0	1718.79997961418
2366	0.000000000000000
0	1702.37641705465
2396	0.000000000000000
0	1686.22680905173
2351	0.000000000000000
0	1670.34479025127
2242	0.000000000000000
0	1654.72418458423
2138	0.000000000000000
0	1639.35899842739
2201	0.000000000000000
0	1624.24341405421
2208	0.000000000000000
0	1609.37178336200
2123	0.000000000000000
0	1594.73862186169
2172	0.000000000000000
0	1580.33860291798
2140	0.000000000000000
0	1566.16655222753
2171	0.000000000000000
0	1552.21744252419
2056	0.000000000000000
0	1538.48638850040
2035	0.000000000000000
0	1524.96864193478
2055	0.000000000000000
0	1511.65958701608
2029	0.000000000000000
0	1498.55473585474
2026	0.000000000000000
0	1485.64972417304
2051	0.000000000000000
0	1472.94030716610
1997	0.000000000000000
0	1460.42235552557
1985	0.000000000000000
0	1448.09185161895
1950	0.000000000000000
0	1435.94488581747
1966	0.000000000000000
0	1423.97765296584
1957	0.000000000000000
0	1412.18644898762
1935	0.000000000000000
0	1400.56766762034
1943	0.000000000000000
0	1389.11779727444
1900	0.000000000000000
0	1377.83341801094
1875	0.000000000000000
0	1366.71119863238
1859	0.000000000000000
0	1355.74789388244
1903	0.000000000000000
0	1344.94034174937
1766	0.000000000000000
0	1334.28546086896
1826	0.000000000000000
0	1323.78024802270
1781	0.000000000000000
0	1313.42177572726
1734	0.000000000000000
0	1303.20718991138
1708	0.000000000000000
0	1293.13370767652
1770	0.000000000000000
0	1283.19861513788
1728	0.000000000000000
0	1273.39926534243
1740	0.000000000000000
0	1263.73307626075
1709	0.000000000000000
0	1254.19752884979
1704	0.000000000000000
0	1244.79016518360
1706	0.000000000000000
0	1235.50858664927
1686	0.000000000000000
0	1226.35045220554
1675	0.000000000000000
0	1217.31347670151
1609	0.000000000000000
0	1208.39542925314
1621	0.000000000000000
0	1199.59413167523
1622	0.000000000000000
0	1190.90745696659
1624	0.000000000000000
0	1182.33332784660
1605	0.000000000000000
0	1173.86971534084
1625	0.000000000000000
0	1165.51463741415
1579	0.000000000000000
0	1157.26615764915
1618	0.000000000000000
0	1149.12238396854
1541	0.000000000000000
0	1141.08146739949
1488	0.000000000000000
0	1133.14160087858
1550	0.000000000000000
0	1125.30101809568
1537	0.000000000000000
0	1117.55799237541
1512	0.000000000000000
0	1109.91083559464
1482	0.000000000000000
0	1102.35789713484
1494	0.000000000000000
0	1094.89756286796
1552	0.000000000000000
0	1087.52825417449
1422	0.000000000000000
0	1080.24842699269
1498	0.000000000000000
0	1073.05657089773
1466	0.000000000000000
0	1065.95120820976
1437	0.000000000000000
0	1058.93089312976
1405	0.000000000000000
0	1051.99421090226
1410	0.000000000000000
0	1045.13977700396
1417	0.000000000000000
0	1038.36623635723
1398	0.000000000000000
0	1031.67226256782
1384	0.000000000000000
0	1025.05655718566
1420	0.000000000000000
0	1018.51784898821
1378	0.000000000000000
0	1012.05489328536
1406	0.000000000000000
0	1005.66647124520
1347	0.000000000000000
0	999.351389240103
1362	0.000000000000000
0	993.108478212081
1396	0.000000000000000
0	986.936593057102
1323	0.000000000000000
0	980.834612027499
1258	0.000000000000000
0	974.801436151951
1326	0.000000000000000
0	968.835988672423
1249	0.000000000000000
0	962.937214497487
1313	0.000000000000000
0	957.104079671495
1274	0.000000000000000
0	951.335570859051
1269	0.000000000000000
0	945.630694844303
1260	0.000000000000000
0	939.988478044539
1278	0.000000000000000
0	934.407966037640
1288	0.000000000000000
0	928.888223102920
1294	0.000000000000000
0	923.428331774924
1303	0.000000000000000
0	918.027392409763
1244	0.000000000000000
0	912.684522763588
1266	0.000000000000000
0	907.398857582793
1228	0.000000000000000
0	902.169548205593
1237	0.000000000000000
0	896.995762174607
1251	0.000000000000000
0	891.876682860090
1272	0.000000000000000
0	886.811509093485
1222	0.000000000000000
0	881.799454810968
1245	0.000000000000000
0	876.839748706674
1218	0.000000000000000
0	871.931633895299
1171	0.000000000000000
0	867.074367583787
1252	0.000000000000000
0	862.267220751824
1247	0.000000000000000
0	857.509477840867
1196	0.000000000000000
0	852.800436451436
1200	0.000000000000000
0	848.139407048437
1178	0.000000000000000
0	843.525712674249
1167	0.000000000000000
0	838.958688669354
1168	0.000000000000000
0	834.437682400276
1178	0.000000000000000
0	829.962052994614
1127	0.000000000000000
0	825.531171082952
1117	0.000000000000000
0	821.144418547436
1097	0.000000000000000
0	816.801188276839
1063	0.000000000000000
0	812.500883927893
1119	0.000000000000000
0	808.242919692735
1069	0.000000000000000
0	804.026720072259
1046	0.000000000000000
0	799.851719655217
1054	0.000000000000000
0	795.717362902903
1037	0.000000000000000
0	791.623103939248
1070	0.000000000000000
0	787.568406346174
1082	0.000000000000000
0	783.552742964057
1066	0.000000000000000
0	779.575595697155
991	0.000000000000000
0	775.636455323850
1033	0.000000000000000
0	771.734821311574
1093	0.000000000000000
0	767.870201636285
1099	0.000000000000000
0	764.042112606364
1116	0.000000000000000
0	760.250078690810
1039	0.000000000000000
0	756.493632351603
1055	0.000000000000000
0	752.772313880136
1011	0.000000000000000
0	749.085671237588
1052	0.000000000000000
0	745.433259899132
1023	0.000000000000000
0	741.814642701877
953	0.000000000000000
0	738.229389696439
982	0.000000000000000
0	734.677078002032
971	0.000000000000000
0	731.157291665002
949	0.000000000000000
0	727.669621520690
998	0.000000000000000
0	724.213665058549
1044	0.000000000000000
0	720.789026290418
1052	0.000000000000000
0	717.395315621870
927	0.000000000000000
0	714.032149726556
983	0.000000000000000
0	710.699151423456
925	0.000000000000000
0	707.395949556971
970	0.000000000000000
0	704.122178879767
952	0.000000000000000
0	700.877479938312
920	0.000000000000000
0	697.661498961022
919	0.000000000000000
0	694.473887748962
932	0.000000000000000
0	691.314303569019
898	0.000000000000000
0	688.182409049494
957	0.000000000000000
0	685.077872078046
909	0.000000000000000
0	682.000365701929
963	0.000000000000000
0	678.949568030459
925	0.000000000000000
0	675.925162139655
859	0.000000000000000
0	672.926835979006
907	0.000000000000000
0	669.954282280293
909	0.000000000000000
0	667.007198468430
852	0.000000000000000
0	664.085286574267
856	0.000000000000000
0	661.188253149299
906	0.000000000000000
0	658.315809182244
893	0.000000000000000
0	655.467670017434
863	0.000000000000000
0	652.643555274979
863	0.000000000000000
0	649.843188772659
941	0.000000000000000
0	647.066298449496
926	0.000000000000000
0	644.312616290972
917	0.000000000000000
0	641.581878255847
876	0.000000000000000
0	638.873824204540
868	0.000000000000000
0	636.188197829034
844	0.000000000000000
0	633.524746584265
842	0.000000000000000
0	630.883221620961
855	0.000000000000000
0	628.263377719905
798	0.000000000000000
0	625.664973227565
823	0.000000000000000
0	623.087769993082
905	0.000000000000000
0	620.531533306567
823	0.000000000000000
0	617.996031838686
828	0.000000000000000
0	615.481037581492
796	0.000000000000000
0	612.986325790484
811	0.000000000000000
0	610.511674927861
857	0.000000000000000
0	608.056866606936
819	0.000000000000000
0	605.621685537692
837	0.000000000000000
0	603.205919473450
804	0.000000000000000
0	600.809359158618
791	0.000000000000000
0	598.431798277501
799	0.000000000000000
0	596.073033404152
817	0.000000000000000
0	593.732863953221
822	0.000000000000000
0	591.411092131807
827	0.000000000000000
0	589.107522892261
794	0.000000000000000
0	586.821963885941
807	0.000000000000000
0	584.554225417881
785	0.000000000000000
0	582.304120402365
772	0.000000000000000
0	580.071464319376
757	0.000000000000000
0	577.856075171909
789	0.000000000000000
0	575.657773444118
791	0.000000000000000
0	573.476382060286
752	0.000000000000000
0	571.311726344599
792	0.000000000000000
0	569.163633981703
742	0.000000000000000
0	567.031934978026
730	0.000000000000000
0	564.916461623852
723	0.000000000000000
0	562.817048456123
718	0.000000000000000
0	560.733532221967
743	0.000000000000000
0	558.665751842914
738	0.000000000000000
0	556.613548379808
696	0.000000000000000
0	554.576764998382
744	0.000000000000000
0	552.555246935492
696	0.000000000000000
0	550.548841465992
712	0.000000000000000
0	548.557397870234
711	0.000000000000000
0	546.580767402181
729	0.000000000000000
0	544.618803258123
729	0.000000000000000
0	542.671360545980
745	0.000000000000000
0	540.738296255172
699	0.000000000000000
0	538.819469227066
781	0.000000000000000
0	536.914740125954
701	0.000000000000000
0	535.023971410589
752	0.000000000000000
0	533.147027306230
721	0.000000000000000
0	531.283773777214
698	0.000000000000000
0	529.434078500031
728	0.000000000000000
0	527.597810836887
705	0.000000000000000
0	525.774841809759
738	0.000000000000000
0	523.965044074916
735	0.000000000000000
0	522.168291897908
716	0.000000000000000
0	520.384461129009
742	0.000000000000000
0	518.613429179099
690	0.000000000000000
0	516.855074995990
733	0.000000000000000
0	515.109279041168
670	0.000000000000000
0	513.375923266961
680	0.000000000000000
0	511.654891094111
693	0.000000000000000
0	509.946067389746
713	0.000000000000000
0	508.249338445747
646	0.000000000000000
0	506.564591957496
715	0.000000000000000
0	504.891717003005
678	0.000000000000000
0	503.230604022405
706	0.000000000000000
0	501.581144797806
700	0.000000000000000
0	499.943232433505
668	0.000000000000000
0	498.316761336541
681	0.000000000000000
0	496.701627197591
655	0.000000000000000
0	495.097726972200
662	0.000000000000000
0	493.504958862334
643	0.000000000000000
0	491.923222298254
641	0.000000000000000
0	490.352417920710
607	0.000000000000000
0	488.792447563426
624	0.000000000000000
0	487.243214235906
636	0.000000000000000
0	485.704622106520
651	0.000000000000000
0	484.176576485886
660	0.000000000000000
0	482.658983810535
646	0.000000000000000
0	481.151751626854
685	0.000000000000000
0	479.654788575299
685	0.000000000000000
0	478.168004374883
631	0.000000000000000
0	476.691309807912
667	0.000000000000000
0	475.224616704999
666	0.000000000000000
0	473.767837930305
642	0.000000000000000
0	472.320887367054
678	0.000000000000000
0	470.883679903264
670	0.000000000000000
0	469.456131417741
641	0.000000000000000
0	468.038158766285
667	0.000000000000000
0	466.629679768139
625	0.000000000000000
0	465.230613192658
610	0.000000000000000
0	463.840878746197
622	0.000000000000000
0	462.460397059215
584	0.000000000000000
0	461.089089673595
650	0.000000000000000
0	459.726879030169
588	0.000000000000000
0	458.373688456446
582	0.000000000000000
0	457.029442154542
584	0.000000000000000
0	455.694065189311
587	0.000000000000000
0	454.367483476658
623	0.000000000000000
0	453.049623772053
639	0.000000000000000
0	451.740413659223
605	0.000000000000000
0	450.439781539031
580	0.000000000000000
0	449.147656618531
619	0.000000000000000
0	447.863968900203
612	0.000000000000000
0	446.588649171352
580	0.000000000000000
0	445.321628993690
610	0.000000000000000
0	444.062840693067
566	0.000000000000000
0	442.812217349383
593	0.000000000000000
0	441.569692786650
587	0.000000000000000
0	440.335201563208
614	0.000000000000000
0	439.108678962110
629	0.000000000000000
0	437.890060981641
585	0.000000000000000
0	436.679284326003
559	0.000000000000000
0	435.476286396133
581	0.000000000000000
0	434.281005280670
621	0.000000000000000
0	433.093379747067
597	0.000000000000000
0	431.913349232838
585	0.000000000000000
0	430.740853836935
555	0.000000000000000
0	429.575834311273
552	0.000000000000000
0	428.418232052375
585	0.000000000000000
0	427.267989093151
593	0.000000000000000
0	426.125048094801
585	0.000000000000000
0	424.989352338846
557	0.000000000000000
0	423.860845719281
563	0.000000000000000
0	422.739472734843
579	0.000000000000000
0	421.625178481409
557	0.000000000000000
0	420.517908644496
572	0.000000000000000
0	419.417609491885
600	0.000000000000000
0	418.324227866354
585	0.000000000000000
0	417.237711178525
556	0.000000000000000
0	416.158007399808
535	0.000000000000000
0	415.085065055470
550	0.000000000000000
0	414.018833217789
570	0.000000000000000
0	412.959261499328
568	0.000000000000000
0	411.906300046297
566	0.000000000000000
0	410.859899532025
573	0.000000000000000
0	409.820011150521
578	0.000000000000000
0	408.786586610139
575	0.000000000000000
0	407.759578127330
571	0.000000000000000
0	406.738938420494
521	0.000000000000000
0	405.724620703919
554	0.000000000000000
0	404.716578681809
546	0.000000000000000
0	403.714766542406
575	0.000000000000000
0	402.719138952196
518	0.000000000000000
0	401.729651050195
558	0.000000000000000
0	400.746258442328
522	0.000000000000000
0	399.768917195887
519	0.000000000000000
0	398.797583834070
502	0.000000000000000
0	397.832215330596
569	0.000000000000000
0	396.872769104408
553	0.000000000000000
0	395.919203014449
543	0.000000000000000
0	394.971475354506
533	0.000000000000000
0	394.029544848146
514	0.000000000000000
0	393.093370643709
504	0.000000000000000
0	392.162912309385
537	0.000000000000000
0	391.238129828354
521	0.000000000000000
0	390.318983594005
491	0.000000000000000
0	389.405434405217
535	0.000000000000000
0	388.497443461709
551	0.000000000000000
0	387.594972359460
531	0.000000000000000
0	386.697983086195
550	0.000000000000000
0	385.806438016931
510	0.000000000000000
0	384.920299909590
506	0.000000000000000
0	384.039531900676
515	0.000000000000000
0	383.164097501013
524	0.000000000000000
0	382.293960591541
534	0.000000000000000
0	381.429085419177
530	0.000000000000000
0	380.569436592728
517	0.000000000000000
0	379.714979078871
492	0.000000000000000
0	378.865678198183
471	0.000000000000000
0	378.021499621229
481	0.000000000000000
0	377.182409364706
513	0.000000000000000
0	376.348373787643
488	0.000000000000000
0	375.519359587653
493	0.000000000000000
0	374.695333797238
498	0.000000000000000
0	373.876263780146
497	0.000000000000000
0	373.062117227778
492	0.000000000000000
0	372.252862155652
518	0.000000000000000
0	371.448466899906
502	0.000000000000000
0	370.648900113860
518	0.000000000000000
0	369.854130764622
509	0.000000000000000
0	369.064128129739
509	0.000000000000000
0	368.278861793902
501	0.000000000000000
0	367.498301645688
537	0.000000000000000
0	366.722417874356
499	0.000000000000000
0	365.951180966683
480	0.000000000000000
0	365.184561703847
482	0.000000000000000
0	364.422531158348
472	0.000000000000000
0	363.665060690980
444	0.000000000000000
0	362.912121947837
508	0.000000000000000
0	362.163686857369
471	0.000000000000000
0	361.419727627471
477	0.000000000000000
0	360.680216742619
450	0.000000000000000
0	359.945126961041
466	0.000000000000000
0	359.214431311930
458	0.000000000000000
0	358.488103092697
467	0.000000000000000
0	357.766115866257
462	0.000000000000000
0	357.048443458358
460	0.000000000000000
0	356.335059954945
517	0.000000000000000
0	355.625939699560
489	0.000000000000000
0	354.921057290780
517	0.000000000000000
0	354.220387579689
444	0.000000000000000
0	353.523905667385
505	0.000000000000000
0	352.831586902522
476	0.000000000000000
0	352.143406878888
477	0.000000000000000
0	351.459341433013
506	0.000000000000000
0	350.779366641813
454	0.000000000000000
0	350.103458820266
483	0.000000000000000
0	349.431594519122
458	0.000000000000000
0	348.763750522638
496	0.000000000000000
0	348.099903846357
445	0.000000000000000
0	347.440031734906
506	0.000000000000000
0	346.784111659828
471	0.000000000000000
0	346.132121317450
473	0.000000000000000
0	345.484038626774
474	0.000000000000000
0	344.839841727401
462	0.000000000000000
0	344.199508977481
450	0.000000000000000
0	343.563018951694
454	0.000000000000000
0	342.930350439261
415	0.000000000000000
0	342.301482441979
397	0.000000000000000
0	341.676394172287
466	0.000000000000000
0	341.055065051355
449	0.000000000000000
0	340.437474707205
468	0.000000000000000
0	339.823602972857
461	0.000000000000000
0	339.213429884498
476	0.000000000000000
0	338.606935679679
478	0.000000000000000
0	338.004100795541
484	0.000000000000000
0	337.404905867061
436	0.000000000000000
0	336.809331725327
469	0.000000000000000
0	336.217359395831
480	0.000000000000000
0	335.628970096799
474	0.000000000000000
0	335.044145237530
459	0.000000000000000
0	334.462866416772
463	0.000000000000000
0	333.885115421110
470	0.000000000000000
0	333.310874223388
454	0.000000000000000
0	332.740124981145
465	0.000000000000000
0	332.172850035081
465	0.000000000000000
0	331.609031907538
431	0.000000000000000
0	331.048653301012
473	0.000000000000000
0	330.491697096679
436	0.000000000000000
0	329.938146352944
475	0.000000000000000
0	329.387984304019
425	0.000000000000000
0	328.841194358512
427	0.000000000000000
0	328.297760098043
424	0.000000000000000
0	327.757665275880
395	0.000000000000000
0	327.220893815595
457	0.000000000000000
0	326.687429809736
413	0.000000000000000
0	326.157257518532
443	0.000000000000000
0	325.630361368600
454	0.000000000000000
0	325.106725951687
430	0.000000000000000
0	324.586336023424
476	0.000000000000000
0	324.069176502099
416	0.000000000000000
0	323.555232467454
428	0.000000000000000
0	323.044489159495
434	0.000000000000000
0	322.536931977326
434	0.000000000000000
0	322.032546477998
421	0.000000000000000
0	321.531318375377
462	0.000000000000000
0	321.033233539033
485	0.000000000000000
0	320.538277993142
452	0.000000000000000
0	320.046437915411
456	0.000000000000000
0	319.557699636019
447	0.000000000000000
0	319.072049636572
424	0.000000000000000
0	318.589474549083
420	0.000000000000000
0	318.109961154959
439	0.000000000000000
0	317.633496384018
417	0.000000000000000
0	317.160067313510
441	0.000000000000000
0	316.689661167165
443	0.000000000000000
0	316.222265314250
438	0.000000000000000
0	315.757867268649
453	0.000000000000000
0	315.296454687955
419	0.000000000000000
0	314.838015372581
473	0.000000000000000
0	314.382537264883
393	0.000000000000000
0	313.930008448310
405	0.000000000000000
0	313.480417146551
420	0.000000000000000
0	313.033751722720
411	0.000000000000000
0	312.590000678539
419	0.000000000000000
0	312.149152653546
442	0.000000000000000
0	311.711196424315
447	0.000000000000000
0	311.276120903693
411	0.000000000000000
0	310.843915140056
414	0.000000000000000
0	310.414568316568
464	0.000000000000000
0	309.988069750469
404	0.000000000000000
0	309.564408892375
430	0.000000000000000
0	309.143575325582
417	0.000000000000000
0	308.725558765403
377	0.000000000000000
0	308.310349058503
414	0.000000000000000
0	307.897936182260
435	0.000000000000000
0	307.488310244139
388	0.000000000000000
0	307.081461481071
448	0.000000000000000
0	306.677380258863
411	0.000000000000000
0	306.276057071609
442	0.000000000000000
0	305.877482541120
429	0.000000000000000
0	305.481647416371
431	0.000000000000000
0	305.088542572957
402	0.000000000000000
0	304.698159012571
410	0.000000000000000
0	304.310487862489
456	0.000000000000000
0	303.925520375070
404	0.000000000000000
0	303.543247927275
421	0.000000000000000
0	303.163662020199
404	0.000000000000000
0	302.786754278612
423	0.000000000000000
0	302.412516450518
422	0.000000000000000
0	302.040940406731
408	0.000000000000000
0	301.672018140458
394	0.000000000000000
0	301.305741766904
420	0.000000000000000
0	300.942103522883
410	0.000000000000000
0	300.581095766450
362	0.000000000000000
0	300.222710976543
396	0.000000000000000
0	299.866941752640
397	0.000000000000000
0	299.513780814431
380	0.000000000000000
0	299.163221001501
368	0.000000000000000
0	298.815255273034
373	0.000000000000000
0	298.469876707519
389	0.000000000000000
0	298.127078502485
373	0.000000000000000
0	297.786853974236
379	0.000000000000000
0	297.449196557611
390	0.000000000000000
0	297.114099805752
360	0.000000000000000
0	296.781557389886
419	0.000000000000000
0	296.451563099126
378	0.000000000000000
0	296.124110840280
399	0.000000000000000
0	295.799194637680
405	0.000000000000000
0	295.476808633019
407	0.000000000000000
0	295.156947085212
402	0.000000000000000
0	294.839604370259
388	0.000000000000000
0	294.524774981129
421	0.000000000000000
0	294.212453527664
405	0.000000000000000
0	293.902634736485
370	0.000000000000000
0	293.595313450923
393	0.000000000000000
0	293.290484630959
369	0.000000000000000
0	292.988143353180
395	0.000000000000000
0	292.688284810755
399	0.000000000000000
0	292.390904313413
388	0.000000000000000
0	292.095997287453
394	0.000000000000000
0	291.803559275752
386	0.000000000000000
0	291.513585937804
395	0.000000000000000
0	291.226073049761
404	0.000000000000000
0	290.941016504495
396	0.000000000000000
0	290.658412311678
414	0.000000000000000
0	290.378256597875
419	0.000000000000000
0	290.100545606648
417	0.000000000000000
0	289.825275698686
378	0.000000000000000
0	289.552443351939
391	0.000000000000000
0	289.282045161778
366	0.000000000000000
0	289.014077841168
375	0.000000000000000
0	288.748538220851
361	0.000000000000000
0	288.485423249559
368	0.000000000000000
0	288.224729994225
408	0.000000000000000
0	287.966455640233
402	0.000000000000000
0	287.710597491661
417	0.000000000000000
0	287.457152971562
392	0.000000000000000
0	287.206119622249
393	0.000000000000000
0	286.957495105602
421	0.000000000000000
0	286.711277203393
390	0.000000000000000
0	286.467463817626
393	0.000000000000000
0	286.226052970898
390	0.000000000000000
0	285.987042806777
434	0.000000000000000
0	285.750431590198
385	0.000000000000000
0	285.516217707876
398	0.000000000000000
0	285.284399668741
382	0.000000000000000
0	285.054976104391
335	0.000000000000000
0	284.827945769561
359	0.000000000000000
0	284.603307542617
381	0.000000000000000
0	284.381060426062
380	0.000000000000000
0	284.161203547072
381	0.000000000000000
0	283.943736158044
346	0.000000000000000
0	283.728657637167
378	0.000000000000000
0	283.515967489013
379	0.000000000000000
0	283.305665345153
347	0.000000000000000
0	283.097750964786
364	0.000000000000000
0	282.892224235402
403	0.000000000000000
0	282.689085173451
381	0.000000000000000
0	282.488333925049
374	0.000000000000000
0	282.289970766699
359	0.000000000000000
0	282.093996106034
393	0.000000000000000
0	281.900410482587
369	0.000000000000000
0	281.709214568583
364	0.000000000000000
0	281.520409169753
400	0.000000000000000
0	281.333995226176
411	0.000000000000000
0	281.149973813143
404	0.000000000000000
0	280.968346142045
377	0.000000000000000
0	280.789113561291
382	0.000000000000000
0	280.612277557246
418	0.000000000000000
0	280.437839755201
394	0.000000000000000
0	280.265801920363
375	0.000000000000000
0	280.096165958880
388	0.000000000000000
0	279.928933918888
378	0.000000000000000
0	279.764107991587
393	0.000000000000000
0	279.601690512347
405	0.000000000000000
0	279.441683961841
376	0.000000000000000
0	279.284090967210
368	0.000000000000000
0	279.128914303259
376	0.000000000000000
0	278.976156893676
382	0.000000000000000
0	278.825821812292
378	0.000000000000000
0	278.677912284367
355	0.000000000000000
0	278.532431687909
350	0.000000000000000
0	278.389383555029
414	0.000000000000000
0	278.248771573324
370	0.000000000000000
0	278.110599587298
369	0.000000000000000
0	277.974871599819
369	0.000000000000000
0	277.841591773607
374	0.000000000000000
0	277.710764432760
345	0.000000000000000
0	277.582394064323
375	0.000000000000000
0	277.456485319880
343	0.000000000000000
0	277.333043017201
358	0.000000000000000
0	277.212072141916
392	0.000000000000000
0	277.093577849235
371	0.000000000000000
0	276.977565465704
366	0.000000000000000
0	276.864040491009
397	0.000000000000000
0	276.753008599816
372	0.000000000000000
0	276.644475643656
355	0.000000000000000
0	276.538447652855
358	0.000000000000000
0	276.434930838510
326	0.000000000000000
0	276.333931594506
342	0.000000000000000
0	276.235456499587
379	0.000000000000000
0	276.139512319469
340	0.000000000000000
0	276.046106009002
402	0.000000000000000
0	275.955244714388
383	0.000000000000000
0	275.866935775441
389	0.000000000000000
0	275.781186727909
359	0.000000000000000
0	275.698005305838
369	0.000000000000000
0	275.617399444000
364	0.000000000000000
0	275.539377280372
383	0.000000000000000
0	275.463947158674
354	0.000000000000000
0	275.391117630960
400	0.000000000000000
0	275.320897460275
382	0.000000000000000
0	275.253295623370
399	0.000000000000000
0	275.188321313476
341	0.000000000000000
0	275.125983943148
348	0.000000000000000
0	275.066293147166
374	0.000000000000000
0	275.009258785511
376	0.000000000000000
0	274.954890946401
395	0.000000000000000
0	274.903199949401
393	0.000000000000000
0	274.854196348606
395	0.000000000000000
0	274.807890935888
385	0.000000000000000
0	274.764294744233
394	0.000000000000000
0	274.723419051135
380	0.000000000000000
0	274.685275382086
379	0.000000000000000
0	274.649875514132
355	0.000000000000000
0	274.617231479525
380	0.000000000000000
0	274.587355569443
375	0.000000000000000
0	274.560260337810
398	0.000000000000000
0	274.535958605194
372	0.000000000000000
0	274.514463462804
381	0.000000000000000
0	274.495788276572
354	0.000000000000000
0	274.479946691334
374	0.000000000000000
0	274.466952635108
357	0.000000000000000
0	274.456820323469
361	0.000000000000000
0	274.449564264028
345	0.000000000000000
0	274.445199261018
378	0.000000000000000
0	274.443740419982
344	0.000000000000000
0	274.445203152577
386	0.000000000000000
0	274.449603181486
380	0.000000000000000
0	274.456956545449
370	0.000000000000000
0	274.467279604411
346	0.000000000000000
0	274.480589044795
352	0.000000000000000
0	274.496901884897
377	0.000000000000000
0	274.516235480409
345	0.000000000000000
0	274.538607530080
369	0.000000000000000
0	274.564036081502
360	0.000000000000000
0	274.592539537047
356	0.000000000000000
0	274.624136659937
359	0.000000000000000
0	274.658846580465
355	0.000000000000000
0	274.696688802370
381	0.000000000000000
0	274.737683209354
357	0.000000000000000
0	274.781850071777
384	0.000000000000000
0	274.829210053498
359	0.000000000000000
0	274.879784218892
378	0.000000000000000
0	274.933594040040
353	0.000000000000000
0	274.990661404094
391	0.000000000000000
0	275.051008620824
356	0.000000000000000
0	275.114658430353
341	0.000000000000000
0	275.181634011085
354	0.000000000000000
0	275.251958987832
335	0.000000000000000
0	275.325657440142
354	0.000000000000000
0	275.402753910841
381	0.000000000000000
0	275.483273414783
352	0.000000000000000
0	275.567241447834
379	0.000000000000000
0	275.654683996071
358	0.000000000000000
0	275.745627545228
392	0.000000000000000
0	275.840099090373
372	0.000000000000000
0	275.938126145844
366	0.000000000000000
0	276.039736755435
354	0.000000000000000
0	276.144959502849
358	0.000000000000000
0	276.253823522423
390	0.000000000000000
0	276.366358510132
366	0.000000000000000
0	276.482594734881
377	0.000000000000000
0	276.602563050099
349	0.000000000000000
0	276.726294905635
363	0.000000000000000
0	276.853822359971
373	0.000000000000000
0	276.985178092763
390	0.000000000000000
0	277.120395417716
382	0.000000000000000
0	277.259508295805
353	0.000000000000000
0	277.402551348854
394	0.000000000000000
0	277.549559873485
391	0.000000000000000
0	277.700569855443
366	0.000000000000000
0	277.855617984318
403	0.000000000000000
0	278.014741668668
392	0.000000000000000
0	278.177979051560
381	0.000000000000000
0	278.345369026547
361	0.000000000000000
0	278.516951254085
380	0.000000000000000
0	278.692766178407
364	0.000000000000000
0	278.872855044883
346	0.000000000000000
0	279.057259917858
390	0.000000000000000
0	279.246023699005
383	0.000000000000000
0	279.439190146196
411	0.000000000000000
0	279.636803892918
372	0.000000000000000
0	279.838910468250
386	0.000000000000000
0	280.045556317407
394	0.000000000000000
0	280.256788822897
384	0.000000000000000
0	280.472656326287
362	0.000000000000000
0	280.693208150607
367	0.000000000000000
0	280.918494623425
371	0.000000000000000
0	281.148567100594
378	0.000000000000000
0	281.383477990719
368	0.000000000000000
0	281.623280780349
395	0.000000000000000
0	281.868030059935
388	0.000000000000000
0	282.117781550564
396	0.000000000000000
0	282.372592131522
381	0.000000000000000
0	282.632519868686
375	0.000000000000000
0	282.897624043796
423	0.000000000000000
0	283.167965184639
391	0.000000000000000
0	283.443605096156
396	0.000000000000000
0	283.724606892539
372	0.000000000000000
0	284.011035030324
402	0.000000000000000
0	284.302955342538
365	0.000000000000000
0	284.600435073930
394	0.000000000000000
0	284.903542917324
363	0.000000000000000
0	285.212349051148
367	0.000000000000000
0	285.526925178171
387	0.000000000000000
0	285.847344565499
379	0.000000000000000
0	286.173682085886
385	0.000000000000000
0	286.506014260394
401	0.000000000000000
0	286.844419302471
414	0.000000000000000
0	287.188977163495
388	0.000000000000000
0	287.539769579840
378	0.000000000000000
0	287.896880121528
391	0.000000000000000
0	288.260394242531
393	0.000000000000000
0	288.630399332785
403	0.000000000000000
0	289.006984771985
406	0.000000000000000
0	289.390241985243
374	0.000000000000000
0	289.780264500670
403	0.000000000000000
0	290.177148008973
366	0.000000000000000
0	290.580990425144
399	0.000000000000000
0	290.991891952335
389	0.000000000000000
0	291.409955147997
406	0.000000000000000
0	291.835284992400
421	0.000000000000000
0	292.267988959608
407	0.000000000000000
0	292.708177091042
371	0.000000000000000
0	293.155962071721
365	0.000000000000000
0	293.611459309306
404	0.000000000000000
0	294.074787016068
392	0.000000000000000
0	294.546066293913
406	0.000000000000000
0	295.025421222586
370	0.000000000000000
0	295.512978951209
396	0.000000000000000
0	296.008869793301
406	0.000000000000000
0	296.513227325421
402	0.000000000000000
0	297.026188489625
390	0.000000000000000
0	297.547893699888
425	0.000000000000000
0	298.078486952685
403	0.000000000000000
0	298.618115941923
428	0.000000000000000
0	299.166932178426
404	0.000000000000000
0	299.725091114182
414	0.000000000000000
0	300.292752271595
383	0.000000000000000
0	300.870079377955
411	0.000000000000000
0	301.457240505398
408	0.000000000000000
0	302.054408216617
398	0.000000000000000
0	302.661759716595
379	0.000000000000000
0	303.279477010673
372	0.000000000000000
0	303.907747069250
398	0.000000000000000
0	304.546761999458
373	0.000000000000000
0	305.196719224157
408	0.000000000000000
0	305.857821668623
408	0.000000000000000
0	306.530277955327
417	0.000000000000000
0	307.214302607207
427	0.000000000000000
0	307.910116259895
392	0.000000000000000
0	308.617945883349
408	0.000000000000000
0	309.338025013396
407	0.000000000000000
0	310.070593993717
426	0.000000000000000
0	310.815900228812
411	0.000000000000000
0	311.574198448576
417	0.000000000000000
0	312.345750985081
430	0.000000000000000
0	313.130828062259
405	0.000000000000000
0	313.929708099195
424	0.000000000000000
0	314.742678027785
405	0.000000000000000
0	315.570033625583
400	0.000000000000000
0	316.412079864685
448	0.000000000000000
0	317.269131277582
426	0.000000000000000
0	318.141512340962
442	0.000000000000000
0	319.029557878509
421	0.000000000000000
0	319.933613483814
416	0.000000000000000
0	320.854035964606
469	0.000000000000000
0	321.791193809576
456	0.000000000000000
0	322.745467679153
442	0.000000000000000
0	323.717250921726
450	0.000000000000000
0	324.706950116846
438	0.000000000000000
0	325.714985647125
465	0.000000000000000
0	326.741792300608
459	0.000000000000000
0	327.787819905575
439	0.000000000000000
0	328.853533999849
449	0.000000000000000
0	329.939416536842
454	0.000000000000000
0	331.045966630743
467	0.000000000000000
0	332.173701343451
427	0.000000000000000
0	333.323156516014
454	0.000000000000000
0	334.494887647614
466	0.000000000000000
0	335.689470825302
429	0.000000000000000
0	336.907503708015
454	0.000000000000000
0	338.149606568631
421	0.000000000000000
0	339.416423398163
453	0.000000000000000
0	340.708623076506
459	0.000000000000000
0	342.026900614533
505	0.000000000000000
0	343.371978472728
485	0.000000000000000
0	344.744607961985
469	0.000000000000000
0	346.145570732696
506	0.000000000000000
0	347.575680358769
486	0.000000000000000
0	349.035784023801
474	0.000000000000000
0	350.526764317296
442	0.000000000000000
0	352.049541149484
460	0.000000000000000
0	353.605073794125
448	0.000000000000000
0	355.194363069513
521	0.000000000000000
0	356.818453668856
460	0.000000000000000
0	358.478436652267
505	0.000000000000000
0	360.175452113781
492	0.000000000000000
0	361.910692038083
507	0.000000000000000
0	363.685403363110
491	0.000000000000000
0	365.500891266271
510	0.000000000000000
0	367.358522693832
470	0.000000000000000
0	369.259730154993
489	0.000000000000000
0	371.206015804450
473	0.000000000000000
0	373.198955839674
468	0.000000000000000
0	375.240205242001
507	0.000000000000000
0	377.331502893718
518	0.000000000000000
0	379.474677106882
505	0.000000000000000
0	381.671651603576
517	0.000000000000000
0	383.924451991795
528	0.000000000000000
0	386.235212786226
486	0.000000000000000
0	388.606185028889
551	0.000000000000000
0	391.039744571151
542	0.000000000000000
0	393.538401085983
556	0.000000000000000
0	396.104807887737
537	0.000000000000000
0	398.741772646336
519	0.000000000000000
0	401.452269093700
543	0.000000000000000
0	404.239449832801
573	0.000000000000000
0	407.106660374172
516	0.000000000000000
0	410.057454541233
566	0.000000000000000
0	413.095611404965
534	0.000000000000000
0	416.225153930552
566	0.000000000000000
0	419.450369544234
528	0.000000000000000
0	422.775832858399
560	0.000000000000000
0	426.206430827633
576	0.000000000000000
0	429.747390648983
575	0.000000000000000
0	433.404310767187
588	0.000000000000000
0	437.183195401476
577	0.000000000000000
0	441.090493076365
562	0.000000000000000
0	445.133139716732
592	0.000000000000000
0	449.318606959919
626	0.000000000000000
0	453.654956447680
634	0.000000000000000
0	458.150900992418
652	0.000000000000000
0	462.815873670130
653	0.000000000000000
0	467.660106082792
625	0.000000000000000
0	472.694717263242
655	0.000000000000000
0	477.931814975493
665	0.000000000000000
0	483.384611505132
686	0.000000000000000
0	489.067556453671
621	0.000000000000000
0	494.996489567610
669	0.000000000000000
0	501.188817273687
662	0.000000000000000
0	507.663717390437
666	0.000000000000000
0	514.442377487577
675	0.000000000000000
0	521.548273628153
710	0.000000000000000
0	529.007497832882
725	0.000000000000000
0	536.849144657979
678	0.000000000000000
0	545.105769921080
689	0.000000000000000
0	553.813938041923
749	0.000000000000000
0	563.014878957684
762	0.000000000000000
0	572.755281508011
771	0.000000000000000
0	583.088258099023
780	0.000000000000000
0	594.074526116597
772	0.000000000000000
0	605.783866077908
764	0.000000000000000
0	618.296936515563
830	0.000000000000000
0	631.707553505958
840	0.000000000000000
0	646.125582250108
905	0.000000000000000
0	661.680644833914
896	0.000000000000000
0	678.526931081645
958	0.000000000000000
0	696.849522426184
946	0.000000000000000
0	716.872825116418
942	0.000000000000000
0	738.871997725172
999	0.000000000000000
0	763.188715814021
989	0.000000000000000
0	790.253362881050
992	0.000000000000000
0	820.616990575165
1055	0.000000000000000
0	854.998571998473
1092	0.000000000000000
0	894.357018587994
1153	0.000000000000000
0	940.004909710747
1227	0.000000000000000
0	993.795842877064
1230	0.000000000000000
0	1058.44922769200
1330	0.000000000000000
0	1138.15000448149
1473	0.000000000000000
0	1239.74827979939
1588	0.000000000000000
0	1375.42562413941
1828	0.000000000000000
0	1569.55240132255
2078	0.000000000000000
0	1880.63485924234
2391	0.000000000000000
0	2503.75187593797
4088	0.000000000000000
0	0.000000000000000
