2.08230452675
2.12781954887
2.17421602787
2.16393442623
2.17647058824
2.16077170418
2.19620253165
2.2131147541
2.22475570033
2.26623376623
2.27564102564
2.26813880126
2.275
2.28888888889
2.29073482428
2.278125
2.28526645768
2.31446540881
2.28834355828
2.27963525836
2.32923076923
2.33746130031
2.30340557276
2.31746031746
2.34615384615
2.34201954397
2.34853420195
2.36538461538
2.34193548387
2.31715210356
2.28846153846
2.30618892508
2.29677419355
2.3125
2.31661442006
2.31677018634
2.32075471698
2.3125
2.3
2.29595015576
2.28792569659
2.28307692308
2.32492113565
2.34415584416
2.36184210526
2.29559748428
2.29968454259
2.33118971061
2.28213166144
2.296875
2.33015873016
2.35598705502
2.34591194969
2.34935897436
2.35598705502
2.39297124601
2.37337662338
2.33229813665
2.30721003135
2.31012658228
2.33333333333
2.35161290323
2.34640522876
2.31290322581
2.30163934426
2.3606557377
2.34615384615
2.38666666667
2.34193548387
2.29230769231
2.31391585761
2.34516129032
2.34951456311
2.34627831715
2.33757961783
2.3431372549
2.31683168317
2.30491803279
2.29411764706
2.27096774194
2.29411764706
2.30063291139
2.30990415335
2.315625
2.32298136646
2.33850931677
2.31677018634
2.31692307692
2.33647798742
2.36593059937
2.30674846626
2.27358490566
2.33974358974
2.30745341615
2.31402439024
2.33018867925
2.3197492163
2.31683168317
2.34193548387
2.29113924051
2.29430379747
2.3198757764
2.31347962382
2.30581039755
2.33546325879
2.30529595016
2.34567901235
2.32298136646
2.33229813665
2.34700315457
2.29780564263
2.31511254019
2.29467084639
2.33974358974
2.28617363344
2.3064516129
2.30868167203
2.31935483871
2.33762057878
2.2629969419
2.28616352201
2.25386996904
2.29235880399
2.32573289902
2.34615384615
2.27554179567
2.26605504587
2.28660436137
2.38032786885
2.36538461538
2.34098360656
2.3474025974
2.34076433121
2.3164556962
2.3152866242
2.40939597315
2.33223684211
2.32475884244
2.3141025641
2.37583892617
2.32247557003
2.271875
2.29022082019
2.32380952381
2.29153605016
2.315625
2.2625
2.26537216828
2.27540983607
2.26114649682
2.27707006369
2.24528301887
2.26923076923
2.29780564263
2.32786885246
2.31545741325
2.31230283912
2.3125
2.29780564263
2.30670926518
2.31612903226
2.27848101266
2.30194805195
2.25449101796
2.26726726727
2.328125
2.34591194969
2.35646687697
2.34185303514
2.38311688312
2.36482084691
2.36129032258
2.34323432343
2.33881578947
2.2789968652
2.27936507937
2.26234567901
2.32679738562
2.30967741935
2.32247557003
2.30891719745
2.31446540881
2.34951456311
2.29022082019
2.24307692308
2.27794561934
2.29141104294
2.31366459627
2.31761006289
2.33226837061
2.30407523511
2.30891719745
2.3417721519
2.31428571429
2.28525641026
2.31907894737
2.30519480519
2.28387096774
2.33660130719
2.30891719745
2.32792207792
2.35806451613
2.35759493671
2.40199335548
2.38762214984
2.37820512821
2.40909090909
2.39261744966
2.36392405063
2.35463258786
2.35737704918
2.33770491803
2.39677419355
2.38187702265
2.32792207792
2.32038834951
2.32154340836
2.30696202532
2.30625
2.27963525836
2.25846153846
2.24539877301
2.30031948882
2.26645768025
2.27156549521
2.26875
2.30817610063
2.31132075472
2.30163934426
2.28938906752
2.31561461794
2.29936305732
2.27384615385
2.29012345679
2.28797468354
2.30128205128
2.30868167203
2.32492113565
2.32587859425
2.29968454259
2.32475884244
2.31132075472
2.31012658228
2.26959247649
2.32786885246
2.3474025974
2.33228840125
2.36688311688
2.35143769968
2.30606060606
2.27164179104
2.2996941896
2.2874617737
2.30696202532
2.31861198738
2.30434782609
2.32587859425
2.34527687296
2.29022082019
2.29230769231
2.26687116564
2.28616352201
2.28482972136
2.296875
2.36334405145
2.37096774194
2.32515337423
2.27627627628
2.34493670886
2.33980582524
2.32371794872
2.28307692308
2.29337539432
2.29375
2.31464174455
2.32371794872
2.33227848101
2.32208588957
2.36277602524
2.35143769968
2.33333333333
2.34905660377
2.35736677116
2.33641975309
2.30434782609
2.31511254019
2.28353658537
2.28923076923
2.30670926518
2.31269349845
2.30379746835
2.29430379747
2.29153605016
2.30546623794
2.29903536977
2.35048231511
2.38762214984
2.2776119403
2.32507739938
2.29375
2.09170305677
2.14170040486
2.17624521073
2.20071684588
2.19444444444
2.21232876712
2.22185430464
2.23509933775
2.23606557377
2.24509803922
2.31986531987
2.35153583618
2.30618892508
2.26837060703
2.29773462783
2.27987421384
2.25316455696
2.27652733119
2.26708074534
2.27575757576
2.31464174455
2.31761006289
2.32
2.35625
2.31210191083
2.3108974359
2.34185303514
2.35409836066
2.32051282051
2.31746031746
2.29652996845
2.29230769231
2.30745341615
2.33544303797
2.35620915033
2.40924092409
2.41333333333
2.39215686275
2.36513157895
2.31921824104
2.2743902439
2.34069400631
2.36655948553
2.31067961165
2.31561461794
2.26688102894
2.28253968254
2.35
2.35643564356
2.35430463576
2.34415584416
2.32594936709
2.33438485804
2.34603174603
2.33766233766
2.30448717949
2.37583892617
2.32673267327
2.40338983051
2.30065359477
2.27476038339
2.2908496732
2.30322580645
2.26384364821
2.28571428571
2.25396825397
2.27009646302
2.22910216718
2.23529411765
2.26282051282
2.27586206897
2.27987421384
2.34098360656
2.26018808777
2.33114754098
2.36754966887
2.30868167203
2.30225080386
2.31948881789
2.31210191083
2.29102167183
2.2893081761
2.27672955975
2.28125
2.29467084639
2.33774834437
2.29807692308
2.30990415335
2.27184466019
2.27760252366
2.26153846154
2.303125
2.30696202532
2.3474025974
2.33766233766
2.28888888889
2.26708074534
2.26168224299
2.27672955975
2.29807692308
2.30392156863
2.27672955975
2.29467084639
2.34294871795
2.37133550489
2.32475884244
2.29153605016
2.31629392971
2.39867109635
2.32278481013
2.30793650794
2.34201954397
2.33116883117
2.32098765432
2.35463258786
2.33123028391
2.29607250755
2.30030959752
2.30153846154
2.28075709779
2.25538461538
2.25993883792
2.29375
2.31012658228
2.31210191083
2.27329192547
2.34653465347
2.30868167203
2.33986928105
2.35947712418
2.36688311688
2.3771043771
2.37288135593
2.34426229508
2.2875
2.27607361963
2.28658536585
2.30407523511
2.32075471698
2.29375
2.29245283019
2.26380368098
2.27217125382
2.30094043887
2.30476190476
2.32051282051
2.35099337748
2.32236842105
2.35135135135
2.33006535948
2.32371794872
2.33333333333
2.34185303514
2.33225806452
2.38333333333
2.30721003135
2.31428571429
2.296875
2.2962962963
2.30721003135
2.2786377709
2.35806451613
2.3164556962
2.34951456311
2.30967741935
2.29113924051
2.31962025316
2.30094043887
2.29903536977
2.30392156863
2.26860841424
2.27388535032
2.27672955975
2.26086956522
2.28025477707
2.29712460064
2.26168224299
2.32278481013
2.296875
2.34603174603
2.31790123457
2.33865814696
2.33228840125
2.332247557
2.33116883117
2.35313531353
2.32492113565
2.30745341615
2.26265822785
2.30065359477
2.34013605442
2.33445945946
2.31067961165
2.35048231511
2.32698412698
2.30275229358
2.32692307692
2.3427672956
2.30891719745
2.27414330218
2.27619047619
2.259375
2.25301204819
2.25925925926
2.26888217523
2.31545741325
2.31306990881
2.31875
2.3660130719
2.34069400631
2.38870431894
2.38782051282
2.38607594937
2.37261146497
2.32817337461
2.27076923077
2.25
2.22884012539
2.22727272727
2.2783171521
2.23052959502
2.26100628931
2.30967741935
2.31730769231
2.31210191083
2.28802588997
2.26948051948
2.3025477707
2.30225080386
2.27554179567
2.30625
2.35691318328
2.31730769231
2.28616352201
2.32026143791
2.25649350649
2.29652996845
2.28896103896
2.26959247649
2.29746835443
2.31861198738
2.31935483871
2.33438485804
2.34083601286
2.28391167192
2.34201954397
2.31012658228
2.33550488599
2.38032786885
2.28881987578
2.32802547771
2.31545741325
2.36893203883
2.31875
2.33656957929
2.30188679245
2.31189710611
2.31172839506
2.2962962963
2.30981595092
2.30434782609
2.26397515528
2.26366559486
2.33114754098
2.33441558442
2.29166666667
2.3152866242
2.30158730159
2.34527687296
2.38486842105
2.35161290323
2.39273927393
2.36928104575
2.32225913621
2.27687296417
2.2987012987
2.30128205128
2.26139817629
2.28395061728
2.2600619195
2.26153846154
2.29022082019
2.2950310559
2.30476190476
2.32087227414
2.37133550489
2.3152866242
2.2641509434
2.28343949045
2.30819672131
2.33012820513
2.32899022801
2.31111111111
2.27272727273
2.31391585761
2.38620689655
2.35855263158
2.3431372549
2.29220779221
2.30448717949
2.27300613497
2.28125
2.29299363057
2.2898089172
2.28797468354
2.24702380952
2.27469135802
2.25949367089
2.26168224299
2.26498422713
2.26332288401
2.30959752322
2.36245954693
2.33968253968
2.31347962382
2.31790123457
2.28267477204
2.32051282051
2.3025477707
2.26331360947
2.28115015974
2.28526645768
2.27848101266
2.31761006289
2.31428571429
2.35238095238
2.33439490446
2.39344262295
2.37419354839
2.35855263158
2.36156351792
2.44444444444
2.34069400631
2.33440514469
2.33333333333
2.38032786885
2.375
2.35015772871
2.32698412698
2.36842105263
2.32915360502
2.346875
2.32063492063
2.33333333333
2.36129032258
2.36513157895
2.34169278997
2.33333333333
2.27244582043
2.28840125392
2.29411764706
2.31309904153
2.30864197531
2.3482428115
2.2629969419
2.23619631902
2.28709677419
2.29299363057
2.25688073394
2.25914634146
2.33546325879
2.33753943218
2.30769230769
2.31189710611
2.31699346405
2.30407523511
2.31962025316
2.34810126582
2.33018867925
2.34603174603
2.32802547771
2.3417721519
2.31055900621
2.32176656151
2.31132075472
2.23867069486
2.30094043887
2.28703703704
2.31677018634
2.25914634146
2.28037383178
2.30283911672
2.38095238095
2.35463258786
2.33552631579
2.32278481013
2.33441558442
2.29487179487
2.32142857143
2.31189710611
2.27777777778
2.29841269841
2.27586206897
2.30476190476
2.29022082019
2.332247557
2.30434782609
2.29906542056
2.31730769231
2.31832797428
2.12017167382
2.15129151292
2.20486111111
2.17725752508
2.21404682274
2.22368421053
2.21656050955
2.24918032787
2.24126984127
2.24764890282
2.25705329154
2.25155279503
2.27760252366
2.2753164557
2.28938906752
2.29073482428
2.30721003135
2.36721311475
2.32686084142
2.33009708738
2.3
2.32268370607
2.36774193548
2.33870967742
2.3
2.29545454545
2.28571428571
2.2789968652
2.25757575758
2.26865671642
2.25449101796
2.31746031746
2.34726688103
2.34640522876
2.28706624606
2.39273927393
2.36156351792
2.36393442623
2.3430420712
2.29780564263
2.28391167192
2.28571428571
2.35081967213
2.31948881789
2.34853420195
2.35947712418
2.38157894737
2.41528239203
2.41077441077
2.34504792332
2.30031948882
2.28971962617
2.40789473684
2.31481481481
2.32389937107
2.28881987578
2.29846153846
2.27725856698
2.27272727273
2.28802588997
2.25
2.26791277259
2.28253968254
2.28115015974
2.28213166144
2.25079365079
2.25796178344
2.29206349206
2.31111111111
2.34640522876
2.29375
2.35576923077
2.36451612903
2.36842105263
2.34754098361
2.31309904153
2.28301886792
2.30573248408
2.30063291139
2.29813664596
2.32268370607
2.36789297659
2.38698630137
2.37987012987
2.32398753894
2.25308641975
2.26498422713
2.33
2.31309904153
2.3201320132
2.2904290429
2.32131147541
2.32573289902
2.3680781759
2.34405144695
2.31132075472
2.34726688103
2.34504792332
2.3141025641
2.40264026403
2.31498470948
2.30650154799
2.33015873016
2.35691318328
2.3152866242
2.34405144695
2.3152866242
2.28834355828
2.28971962617
2.34405144695
2.33865814696
2.32142857143
2.29337539432
2.33546325879
2.3024691358
2.32110091743
2.40453074434
2.42
2.32692307692
2.33333333333
2.29652996845
2.29936305732
2.32475884244
2.26851851852
2.28881987578
2.31847133758
2.34083601286
2.36538461538
2.33647798742
2.37741935484
2.37337662338
2.3729903537
2.39739413681
2.38436482085
2.31692307692
2.26687116564
2.27044025157
2.24605678233
2.28125
2.3108974359
2.33441558442
2.31612903226
2.34083601286
2.33012820513
2.33544303797
2.32288401254
2.25688073394
2.24451410658
2.28484848485
2.31962025316
2.30599369085
2.28307692308
2.33333333333
2.30188679245
2.33436532508
2.37539432177
2.33644859813
2.32278481013
2.34969325153
2.33123028391
2.27639751553
2.34090909091
2.3152866242
2.278125
2.28
2.30503144654
2.33440514469
2.30188679245
2.31012658228
2.28343949045
2.28990228013
2.24534161491
2.27987421384
2.28616352201
2.25
2.25617283951
2.27794561934
2.26035502959
2.30275229358
2.29846153846
2.2789968652
2.27272727273
2.30030959752
2.34591194969
2.32594936709
2.25301204819
2.21994134897
2.22965116279
2.2573964497
2.34049079755
2.35423197492
2.34042553191
2.34567901235
2.32911392405
2.33439490446
2.32911392405
2.28481012658
2.31290322581
2.30158730159
2.31347962382
2.11403508772
2.12313432836
2.125
2.15254237288
2.16831683168
2.2
2.17777777778
2.23676012461
2.21913580247
2.24367088608
2.2523364486
2.25157232704
2.26265822785
2.26479750779
2.27215189873
2.29523809524
2.2935483871
2.31493506494
2.31612903226
2.32165605096
2.33546325879
2.36038961039
2.33333333333
2.31189710611
2.27300613497
2.31578947368
2.32407407407
2.33846153846
2.35202492212
2.31948881789
2.26100628931
2.28938906752
2.2898089172
2.31578947368
2.33009708738
2.3074433657
2.33441558442
2.33012820513
2.34083601286
2.33333333333
2.35806451613
2.33855799373
2.36451612903
2.34504792332
2.3431372549
2.36217948718
2.31847133758
2.35922330097
2.31962025316
2.35256410256
2.32
2.36774193548
2.3482428115
2.31132075472
2.33333333333
2.34527687296
2.36393442623
2.32903225806
2.30817610063
2.28658536585
2.303125
2.34796238245
2.29357798165
2.28888888889
2.26851851852
2.31152647975
2.30581039755
2.3152866242
2.30769230769
2.32121212121
2.33432835821
2.30959752322
2.35897435897
2.29652996845
2.29841269841
2.33986928105
2.30573248408
2.31189710611
2.27607361963
2.3430420712
2.332247557
2.29260450161
2.34090909091
2.30546623794
2.37254901961
2.33012820513
2.33226837061
2.33012820513
2.34504792332
2.32710280374
2.35873015873
2.35534591195
2.36655948553
2.35064935065
2.29411764706
2.3430420712
2.35555555556
2.34700315457
2.35873015873
2.35534591195
2.33438485804
2.31578947368
2.33015873016
2.32484076433
2.3152866242
2.30529595016
2.31288343558
2.30379746835
2.33542319749
2.321875
2.33865814696
2.36569579288
2.3427672956
2.35598705502
2.36012861736
2.35215946844
2.34935897436
2.33887043189
2.34113712375
2.31270358306
2.2753164557
2.31329113924
2.3064516129
2.32686084142
2.29260450161
2.29807692308
2.35782747604
2.28260869565
2.2701863354
2.2898089172
2.31111111111
2.36363636364
2.41580756014
2.33766233766
2.31111111111
2.33974358974
2.303514377
2.28125
2.29746835443
2.32704402516
2.38666666667
2.34935897436
2.36858974359
2.36688311688
2.34810126582
2.34754098361
2.29392971246
2.32142857143
2.31475409836
2.32903225806
2.31629392971
2.27950310559
2.28616352201
2.32236842105
2.27444794953
2.33442622951
2.36633663366
2.32398753894
2.34493670886
2.3152866242
2.34838709677
2.3729903537
2.3821656051
2.3482428115
2.30959752322
2.27710843373
2.32807570978
2.32698412698
2.33333333333
2.32911392405
2.32903225806
2.27450980392
2.29470198675
2.27156549521
2.33548387097
2.27987421384
2.26543209877
2.27848101266
2.26349206349
2.2492211838
2.30420711974
2.32679738562
2.29220779221
2.28434504792
2.24846625767
2.24382716049
2.28075709779
2.3064516129
2.37049180328
2.38636363636
2.33542319749
2.29721362229
2.309375
2.31761006289
2.27672955975
2.27329192547
2.28703703704
2.28260869565
2.28213166144
2.28662420382
2.06926406926
2.13333333333
2.16370106762
2.19112627986
2.18874172185
2.18566775244
2.19182389937
2.23885350318
2.23197492163
2.21086261981
2.18518518519
2.21981424149
2.21671826625
2.228125
2.26813880126
2.24539877301
2.28301886792
2.27160493827
2.30793650794
2.32063492063
2.33229813665
2.30340557276
2.33018867925
2.2743902439
2.31861198738
2.33860759494
2.30461538462
2.31715210356
2.34666666667
2.37293729373
2.35331230284
2.39158576052
2.39215686275
2.31861198738
2.3596214511
2.35015772871
2.3197492163
2.36129032258
2.33229813665
2.31775700935
2.32380952381
2.36688311688
2.34098360656
2.32154340836
2.29746835443
2.31677018634
2.26586102719
2.32484076433
2.35350318471
2.33012820513
2.28086419753
2.33333333333
2.32492113565
2.30061349693
2.3940397351
2.34905660377
2.29721362229
2.31464174455
2.30670926518
2.23926380368
2.24233128834
2.23652694611
2.28125
2.32475884244
2.34113712375
2.33876221498
2.34426229508
2.33333333333
2.35081967213
2.3474025974
2.31012658228
2.27848101266
2.22910216718
2.28709677419
2.35666666667
2.34437086093
2.30625
2.32919254658
2.33653846154
2.31329113924
2.31948881789
2.29430379747
2.31168831169
2.28525641026
2.29126213592
2.31699346405
2.35099337748
2.40268456376
2.34482758621
2.33650793651
2.2743902439
2.33550488599
2.36129032258
2.33870967742
2.30030959752
2.33228840125
2.33855799373
2.36928104575
2.33009708738
2.3141025641
2.09345794393
2.14566929134
2.15942028986
2.16896551724
2.19178082192
2.21694915254
2.21568627451
2.24590163934
2.30163934426
2.30293159609
2.32692307692
2.32802547771
2.29874213836
2.32587859425
2.35668789809
2.3619047619
2.34935897436
2.33438485804
2.32352941176
2.303125
2.26708074534
2.26791277259
2.29153605016
2.33855799373
2.32817337461
2.31347962382
2.32087227414
2.33630952381
2.34650455927
2.31626506024
2.30930930931
2.33125
2.32601880878
2.34615384615
2.33438485804
2.32484076433
2.33546325879
2.2996941896
2.30513595166
2.36645962733
2.32098765432
2.30555555556
2.27076923077
2.26747720365
2.23511904762
2.2462006079
2.29807692308
2.24451410658
2.24605678233
2.28797468354
2.29166666667
2.32792207792
2.31493506494
2.30546623794
2.32467532468
2.26479750779
2.27725856698
2.31730769231
2.31832797428
2.284375
2.29283489097
2.27301587302
2.31270358306
2.36
2.37919463087
2.34627831715
2.33123028391
2.30914826498
2.27777777778
2.29712460064
2.27607361963
2.27777777778
2.2875
2.33656957929
2.30519480519
2.30990415335
2.36538461538
2.34323432343
2.34437086093
2.33980582524
2.31189710611
2.35331230284
2.35714285714
2.36688311688
2.40199335548
2.37248322148
2.34210526316
2.31907894737
2.30990415335
2.34294871795
2.32352941176
2.38834951456
2.36305732484
2.33333333333
2.321875
2.32352941176
2.34653465347
2.36303630363
2.31168831169
2.31730769231
2.31578947368
2.32198142415
2.3
2.32587859425
2.30476190476
2.26234567901
2.28307692308
2.25892857143
2.28834355828
2.2743902439
2.33116883117
2.33012820513
2.32268370607
2.37096774194
2.29411764706
2.2875399361
2.26791277259
2.23692307692
2.3125
2.29320987654
2.28434504792
2.27554179567
2.29192546584
2.32176656151
2.28213166144
2.29411764706
2.32063492063
2.28164556962
2.31189710611
2.29166666667
2.33114754098
2.3143812709
2.36486486486
2.39322033898
2.33333333333
2.35897435897
2.34384858044
2.36129032258
2.30188679245
2.30218068536
2.25308641975
2.32692307692
2.35238095238
2.34076433121
2.32802547771
2.28313253012
2.27963525836
2.29938271605
2.32492113565
2.32807570978
2.37898089172
2.33855799373
2.33986928105
2.32288401254
2.35294117647
2.36102236422
2.30914826498
2.33766233766
2.30322580645
2.36303630363
2.34951456311
2.31847133758
2.29938271605
2.30476190476
2.2935483871
2.29166666667
2.33226837061
2.29467084639
2.30407523511
2.27607361963
2.278125
2.26543209877
2.24233128834
2.2641509434
2.25632911392
2.29605263158
2.30163934426
2.31921824104
2.28616352201
2.27672955975
2.34006734007
2.37623762376
2.31921824104
2.30379746835
2.28616352201
2.3074433657
2.31147540984
2.33552631579
2.40397350993
2.40484429066
2.39115646259
2.32996632997
2.29652996845
2.3488372093
2.39236111111
2.3498349835
2.32352941176
2.36721311475
2.3
2.27963525836
2.30793650794
2.3125
2.27672955975
2.31847133758
2.29523809524
2.31683168317
2.32441471572
2.34083601286
2.33544303797
2.33123028391
2.31132075472
2.3141025641
2.29523809524
2.3164556962
2.30990415335
2.33766233766
2.36666666667
2.32673267327
2.31879194631
2.34768211921
2.34838709677
2.35620915033
2.33438485804
2.32154340836
2.37123745819
2.32786885246
2.34437086093
2.26153846154
2.34426229508
2.33962264151
2.28267477204
2.30573248408
2.31034482759
2.29936305732
2.32786885246
2.29807692308
2.31596091205
2.261829653
2.26959247649
2.32063492063
2.32063492063
2.31147540984
2.30573248408
2.28348909657
2.28398791541
2.35463258786
2.42105263158
2.35031847134
2.33980582524
2.29447852761
2.28971962617
2.30745341615
2.32288401254
2.33548387097
2.29874213836
2.30670926518
2.278125
2.29581993569
2.30158730159
2.32903225806
2.31629392971
2.29430379747
2.31347962382
2.3024691358
2.29393939394
2.30864197531
2.325
2.29581993569
2.30819672131
2.28246753247
2.30293159609
2.29022082019
2.25377643505
2.27134146341
2.30650154799
2.30555555556
2.30841121495
2.32380952381
2.28134556575
2.30461538462
2.36624203822
2.32704402516
2.32692307692
2.2875
2.29523809524
2.31612903226
2.28938906752
2.34754098361
2.32907348243
2.35333333333
2.31578947368
2.35409836066
2.34868421053
2.31475409836
2.28802588997
2.32786885246
2.32247557003
2.32154340836
2.33333333333
2.34700315457
2.33018867925
2.35161290323
2.39158576052
2.36129032258
2.34640522876
2.3164556962
2.35598705502
2.33647798742
2.33762057878
2.34493670886
2.36633663366
2.35666666667
2.33114754098
2.35179153094
2.30914826498
2.33542319749
2.33441558442
2.31935483871
2.30379746835
2.27987421384
2.34627831715
2.34951456311
2.3375
2.35598705502
2.34853420195
2.36333333333
2.3431372549
2.34237288136
2.34098360656
2.31907894737
2.29449838188
2.29206349206
2.35161290323
2.29595015576
2.26168224299
2.31847133758
2.35238095238
2.36928104575
2.3771043771
2.36678200692
2.33118971061
2.38
2.36245954693
2.31596091205
2.28155339806
2.29903536977
2.2875
2.25925925926
2.259375
2.28391167192
2.27301587302
2.32802547771
2.31347962382
2.37785016287
2.37704918033
2.36303630363
2.35161290323
2.26729559748
2.25531914894
2.29754601227
2.28348909657
2.33865814696
2.29320987654
2.29102167183
2.2693498452
2.27707006369
2.32278481013
2.36741214058
2.37419354839
2.40728476821
2.33650793651
2.29938271605
2.34083601286
2.36012861736
2.35238095238
2.37254901961
2.315625
2.31012658228
2.29375
2.309375
2.35350318471
2.31888544892
2.31076923077
2.34579439252
2.37620578778
2.31545741325
2.35691318328
2.32903225806
2.33876221498
2.34482758621
2.36858974359
2.3746031746
2.37060702875
2.33753943218
2.31498470948
2.33126934985
2.33855799373
2.31861198738
2.29487179487
2.31847133758
2.30124223602
2.32051282051
2.3482428115
2.40202702703
2.33438485804
2.35598705502
2.36482084691
2.35598705502
2.36666666667
2.37873754153
2.33440514469
2.32792207792
2.32907348243
2.32258064516
2.33876221498
2.30599369085
2.30769230769
2.33440514469
2.34294871795
2.3430420712
2.27639751553
2.32587859425
2.375
2.26791277259
2.261829653
2.29220779221
2.2893081761
2.28971962617
2.28301886792
2.25465838509
2.27388535032
2.26349206349
2.27508090615
2.31511254019
2.3064516129
2.35275080906
2.33333333333
2.28571428571
2.29179331307
2.36655948553
2.375
2.35099337748
2.31147540984
2.28295819936
2.34083601286
2.35161290323
2.39482200647
2.41176470588
2.365625
2.38993710692
2.33439490446
2.34726688103
2.38666666667
2.3430420712
2.32154340836
2.33333333333
2.38613861386
2.32278481013
2.29874213836
2.3536977492
2.34951456311
2.36012861736
2.2462006079
2.275
2.32380952381
2.38436482085
2.38636363636
2.41216216216
2.39285714286
2.375
2.33333333333
2.32268370607
2.27936507937
2.34504792332
2.31270358306
2.30097087379
2.27741935484
2.27331189711
2.32890365449
2.30363036304
2.33443708609
2.33660130719
2.27692307692
2.29051987768
2.30158730159
2.32165605096
2.27659574468
2.39144736842
2.38360655738
2.33644859813
2.37304075235
2.38511326861
2.41034482759
2.3745819398
2.41355932203
2.35256410256
2.34193548387
2.3538961039
2.33980582524
2.32911392405
2.34810126582
2.33544303797
2.296875
2.29652996845
2.30793650794
2.28662420382
2.28213166144
2.25835866261
2.29230769231
2.32051282051
2.32087227414
2.35897435897
2.36774193548
2.31511254019
2.34105960265
2.29841269841
2.32692307692
2.28527607362
2.28012048193
2.3197492163
2.32415902141
2.31464174455
2.3498349835
2.332247557
2.31309904153
2.29780564263
2.28260869565
2.31761006289
2.28615384615
2.33123028391
2.33018867925
2.29337539432
2.38235294118
2.31818181818
2.31168831169
2.303125
2.32165605096
2.30158730159
2.31189710611
2.30921052632
2.29738562092
2.28852459016
2.29315960912
2.30031948882
2.30322580645
2.31125827815
2.26644736842
2.33447098976
2.27564102564
2.30420711974
2.3431372549
2.31012658228
2.30124223602
2.3
2.31612903226
2.31832797428
2.28482972136
2.26687116564
2.31230283912
2.33006535948
2.34640522876
2.32907348243
2.31699346405
2.27795527157
2.31189710611
2.28253968254
2.2935483871
2.29746835443
2.30476190476
2.37623762376
2.33757961783
2.34365325077
2.33644859813
2.36393442623
2.36633663366
2.39344262295
2.39677419355
2.359375
2.3729903537
2.32710280374
2.32132132132
2.31722054381
2.31875
2.30030959752
2.30283911672
2.32594936709
2.35947712418
2.34627831715
2.3198757764
2.37820512821
2.34726688103
2.2786377709
2.26791277259
2.28307692308
2.3198757764
2.30030959752
2.31428571429
2.30793650794
2.33870967742
2.31948881789
2.11842105263
2.17131474104
2.22222222222
2.18918918919
2.21
2.21122112211
2.25082508251
2.28524590164
2.24437299035
2.27124183007
2.26984126984
2.2641509434
2.2875399361
2.259375
2.265625
2.31948881789
2.32594936709
2.31152647975
2.31790123457
2.29467084639
2.27244582043
2.2898089172
2.26114649682
2.27009646302
2.32786885246
2.35
2.33009708738
2.296875
2.28703703704
2.28253968254
2.27129337539
2.2492211838
2.24307692308
2.265625
2.30448717949
2.27190332326
2.2874617737
2.29696969697
2.27607361963
2.3197492163
2.31269349845
2.32317073171
2.33639143731
2.35109717868
2.3198757764
2.33542319749
2.35031847134
2.35555555556
2.30841121495
2.29906542056
2.30721003135
2.31730769231
2.31612903226
2.32484076433
2.33226837061
2.28213166144
2.28173374613
2.31111111111
2.33980582524
2.28834355828
2.34426229508
2.29206349206
2.33012820513
2.35143769968
2.32371794872
2.30379746835
2.32692307692
2.32307692308
2.31481481481
2.3375
2.30959752322
2.33968253968
2.35064935065
2.33333333333
2.25077399381
2.3
2.33114754098
2.29411764706
2.29605263158
2.28476821192
2.28476821192
2.30263157895
2.31
2.27213114754
2.3102310231
2.32352941176
2.24223602484
2.271875
2.27076923077
2.34193548387
2.36513157895
2.34653465347
2.3498349835
2.35830618893
2.37908496732
2.38613861386
2.31595092025
2.32601880878
2.309375
2.33974358974
2.29595015576
2.31230283912
2.32165605096
2.34294871795
2.35759493671
2.31692307692
2.36477987421
2.34267912773
2.346875
2.38741721854
2.31067961165
2.33554817276
2.37666666667
2.38613861386
2.40468227425
2.3152866242
2.28440366972
2.28709677419
2.32686084142
2.28478964401
2.27044025157
2.2898089172
2.28343949045
2.31612903226
2.33548387097
2.34768211921
2.30546623794
2.30769230769
2.38762214984
2.30529595016
2.2786377709
2.34591194969
2.38127090301
2.37049180328
2.34185303514
2.2893081761
2.32268370607
2.32915360502
2.30153846154
2.29780564263
2.29022082019
2.33870967742
2.36156351792
2.31384615385
2.34905660377
2.34810126582
2.33228840125
2.33650793651
2.35463258786
2.3197492163
2.33012820513
2.37373737374
2.35620915033
2.32507739938
2.35514018692
2.35015772871
2.33865814696
2.32051282051
2.31111111111
2.30817610063
2.30379746835
2.29754601227
2.30061349693
2.39215686275
2.34394904459
2.34069400631
2.29283489097
2.33015873016
2.36451612903
2.39677419355
2.30650154799
2.30625
2.30650154799
2.27914110429
2.26807228916
2.27469135802
2.28173374613
2.31715210356
2.25460122699
2.34185303514
2.26993865031
2.27950310559
2.3152866242
2.31428571429
2.321875
2.33012820513
2.29487179487
2.31832797428
2.32268370607
2.31290322581
2.28440366972
2.29268292683
2.29538461538
2.26397515528
2.30340557276
2.33439490446
2.31545741325
2.33650793651
2.29337539432
2.30476190476
