2.27184466019
2.25993883792
2.26688102894
2.31446540881
2.31306990881
2.31076923077
2.3536977492
2.23566878981
2.34539473684
2.37873754153
2.35897435897
2.31962025316
2.290625
2.26851851852
2.33650793651
2.27795527157
2.32573289902
2.27828746177
2.32075471698
2.3853820598
2.31366459627
2.31012658228
2.32608695652
2.28525641026
2.43606557377
2.34539473684
2.29487179487
2.35526315789
2.31629392971
2.32692307692
2.33548387097
2.27743902439
2.36544850498
2.38157894737
2.30864197531
2.30592105263
2.34967320261
2.4347826087
2.29166666667
2.3164556962
2.25449101796
2.303514377
2.33024691358
2.28787878788
2.33650793651
2.35350318471
2.30618892508
2.284375
2.33550488599
2.33770491803
2.38047138047
2.29712460064
2.3779264214
2.35350318471
2.33333333333
2.31329113924
2.35220125786
2.28938906752
2.3795379538
2.32236842105
2.30407523511
2.28164556962
2.31790123457
2.30031948882
2.38110749186
2.32710280374
2.31230283912
2.33783783784
2.25155279503
2.26769230769
2.27659574468
2.35806451613
2.31861198738
2.30745341615
2.31610942249
2.3036809816
2.26948051948
2.27777777778
2.34415584416
2.3746031746
2.23456790123
2.37133550489
2.33870967742
2.29483282675
2.32389937107
2.30407523511
2.31661442006
2.30031948882
2.32692307692
2.26479750779
2.32899022801
2.36538461538
2.32915360502
2.35849056604
2.36217948718
2.315625
2.35254237288
2.32063492063
2.31210191083
2.31677018634
2.28709677419
2.31761006289
2.33114754098
2.27243589744
2.35430463576
2.31629392971
2.28037383178
2.27044025157
2.37419354839
2.31875
2.28571428571
2.26645768025
2.30097087379
2.3164556962
2.29102167183
2.27914110429
2.33015873016
2.33333333333
2.28104575163
2.29470198675
2.33546325879
2.32026143791
2.34482758621
2.34726688103
2.27777777778
2.29807692308
2.33227848101
2.31366459627
2.30065359477
2.35099337748
2.30283911672
2.33118971061
2.29617834395
2.25
2.32075471698
2.32131147541
2.25696594427
2.32467532468
2.31055900621
2.26168224299
2.28125
2.34563758389
2.28125
2.32907348243
2.3036809816
2.37012987013
2.29337539432
2.35761589404
2.34967320261
2.30063291139
2.35
2.33757961783
2.28527607362
2.34853420195
2.3
2.33015873016
2.33436532508
2.34591194969
2.27102803738
2.33766233766
2.33012820513
2.31309904153
2.30340557276
2.32580645161
2.32580645161
2.271875
2.2898089172
2.32903225806
2.30188679245
2.3619047619
2.27878787879
2.30793650794
2.33753943218
2.25471698113
2.31067961165
2.37293729373
2.3
2.31290322581
2.29447852761
2.26380368098
2.33746130031
2.29538461538
2.28947368421
2.29903536977
2.29813664596
2.28125
2.30909090909
2.30094043887
2.30990415335
2.28343949045
2.31446540881
2.29936305732
2.32247557003
2.29372937294
2.32907348243
2.40666666667
2.32899022801
2.26100628931
2.35350318471
2.34185303514
2.32063492063
2.32484076433
2.30503144654
2.33439490446
2.33227848101
2.32698412698
2.31699346405
2.33974358974
2.33656957929
2.32907348243
2.32380952381
2.32692307692
2.31511254019
2.36842105263
2.35143769968
2.30721003135
2.3430420712
2.35830618893
2.27358490566
2.23241590214
2.42244224422
2.34640522876
2.36477987421
2.30696202532
2.38141025641
2.27384615385
2.28353658537
2.34415584416
2.31901840491
2.35504885993
2.31446540881
2.38486842105
2.32
2.26349206349
2.27215189873
2.29906542056
2.2753164557
2.29652996845
2.33333333333
2.30030959752
2.3024691358
2.40273037543
2.32063492063
2.31428571429
2.24332344214
2.35643564356
2.29652996845
2.28220858896
2.32573289902
2.36858974359
2.24924012158
2.31152647975
2.37671232877
2.35143769968
2.32176656151
2.37883959044
2.23853211009
2.38333333333
2.34935897436
2.30841121495
2.33544303797
2.30666666667
2.27760252366
2.29299363057
2.30407523511
2.28125
2.26729559748
2.27388535032
2.32797427653
2.34426229508
2.31493506494
2.34394904459
2.33548387097
2.32268370607
2.35099337748
2.29375
2.30897009967
2.28173374613
2.28220858896
2.27950310559
2.33548387097
2.39072847682
2.30031948882
2.35215946844
2.37060702875
2.29166666667
2.30891719745
2.29245283019
2.31329113924
2.36038961039
2.29467084639
2.34504792332
2.32288401254
2.21686746988
2.26645768025
2.31629392971
2.33956386293
2.35737704918
2.32038834951
2.29746835443
2.36120401338
2.35048231511
2.28971962617
2.29841269841
2.29299363057
2.33225806452
2.32352941176
2.33544303797
2.32686084142
2.35906040268
2.30990415335
2.32098765432
2.33766233766
2.32686084142
2.28709677419
2.32580645161
2.34838709677
2.35064935065
2.265625
2.32063492063
2.31677018634
2.26959247649
2.35117056856
2.31596091205
2.32098765432
2.303125
2.32288401254
2.31612903226
2.31847133758
2.33881578947
2.31511254019
2.3729903537
2.30721003135
2.3164556962
2.39482200647
2.33009708738
2.33015873016
2.36363636364
2.2898089172
2.31677018634
2.31962025316
2.31511254019
2.30625
2.30944625407
2.32268370607
2.32817337461
2.3961038961
2.32601880878
2.39473684211
2.28706624606
2.34951456311
2.33227848101
2.33116883117
2.33550488599
2.36858974359
2.34161490683
2.33850931677
2.290625
2.34006734007
2.33015873016
2.33110367893
2.303514377
2.31347962382
2.31888544892
2.32484076433
2.33333333333
2.30392156863
2.28881987578
2.29126213592
2.33860759494
2.31847133758
2.4
2.31692307692
2.33850931677
2.30891719745
2.33742331288
2.36217948718
2.27272727273
2.35048231511
2.31329113924
2.27725856698
2.28343949045
2.30128205128
2.28526645768
2.35275080906
2.32807570978
2.28064516129
2.33333333333
2.37931034483
2.36334405145
2.37223974763
2.29903536977
2.3164556962
2.31168831169
2.32594936709
2.24844720497
2.33012820513
2.34810126582
2.27639751553
2.23692307692
2.30891719745
2.30914826498
2.296875
2.35987261146
2.31270358306
2.35806451613
2.34627831715
2.31055900621
2.37254901961
2.34285714286
2.29780564263
2.36245954693
2.37025316456
2.30094043887
2.31511254019
2.29411764706
2.28896103896
2.25856697819
2.27914110429
2.29487179487
2.33441558442
2.33018867925
2.34090909091
2.2789968652
2.31861198738
2.38360655738
2.2962962963
2.36274509804
2.30094043887
2.30031948882
2.29738562092
2.34415584416
2.32165605096
2.25157232704
2.296875
2.30340557276
2.3152866242
2.30921052632
2.26397515528
2.33012820513
2.32087227414
2.38032786885
2.3399339934
2.32615384615
2.25796178344
2.31861198738
2.28391167192
2.315625
2.2875
2.32398753894
2.33123028391
2.33333333333
2.29113924051
2.38410596026
2.32710280374
2.31803278689
2.31832797428
2.28706624606
2.261829653
2.37623762376
2.30225080386
2.32890365449
2.33333333333
2.30275229358
2.31962025316
2.26315789474
2.39413680782
2.36206896552
2.32492113565
2.31111111111
2.36721311475
2.31761006289
2.3178807947
2.32802547771
2.34185303514
2.32817337461
2.34838709677
2.31428571429
2.33333333333
2.28155339806
2.31132075472
2.28888888889
2.34810126582
2.36708860759
2.34394904459
2.32075471698
2.35737704918
2.25632911392
2.31847133758
2.26984126984
2.27936507937
2.31446540881
2.35081967213
2.27936507937
2.3125
2.290625
2.27051671733
2.40878378378
2.31347962382
2.34539473684
2.37209302326
2.33881578947
2.28431372549
2.32362459547
2.31901840491
2.33968253968
2.3300330033
2.38636363636
2.32492113565
2.31269349845
2.27070063694
2.35350318471
2.30420711974
2.38047138047
2.31446540881
2.29968454259
2.27607361963
2.29192546584
2.28353658537
2.28896103896
2.27619047619
2.25230769231
2.2447761194
2.35830618893
2.33746130031
2.38795986622
2.34810126582
2.29153605016
2.35922330097
2.26265822785
2.26911314985
2.32225913621
2.32467532468
2.28307692308
2.31761006289
2.3201320132
2.31493506494
2.35830618893
2.29315960912
2.29712460064
2.315625
2.35423197492
2.38590604027
2.34713375796
2.30340557276
2.26380368098
2.30944625407
2.32903225806
2.31045751634
2.35825545171
2.32587859425
2.31901840491
2.33650793651
2.35350318471
2.3064516129
2.31012658228
2.37304075235
2.27409638554
2.26984126984
2.36245954693
2.35897435897
2.27129337539
2.31172839506
2.33540372671
2.30476190476
2.29617834395
2.37581699346
2.29090909091
2.32915360502
2.30981595092
2.29126213592
2.33123028391
2.32398753894
2.35048231511
2.28617363344
2.27554179567
2.36026936027
2.37086092715
2.31935483871
2.34083601286
2.27707006369
2.33968253968
2.28797468354
2.28260869565
2.30914826498
2.26645768025
2.33442622951
2.34384858044
2.31861198738
2.26813880126
2.2874617737
2.31707317073
2.33333333333
2.30303030303
2.34935897436
2.31888544892
2.28025477707
2.31699346405
2.29968454259
2.28434504792
2.30097087379
2.29617834395
2.34713375796
2.37785016287
2.3399339934
2.36363636364
2.29573170732
2.31419939577
2.371875
2.28662420382
2.29595015576
2.25705329154
2.28434504792
2.30721003135
2.29032258065
2.31545741325
2.35714285714
2.34055727554
2.37623762376
2.31875
2.32601880878
2.3538961039
2.32692307692
2.31715210356
2.32208588957
2.33226837061
2.32686084142
2.32899022801
2.33860759494
2.33653846154
2.33439490446
2.33647798742
2.30990415335
2.33123028391
2.32679738562
2.29113924051
2.31699346405
2.30263157895
2.2962962963
2.29754601227
2.30128205128
2.37060702875
2.2875399361
2.32026143791
2.35215946844
2.28395061728
2.29153605016
2.30817610063
2.32051282051
2.34285714286
2.34285714286
2.30392156863
2.29738562092
2.31730769231
2.30817610063
2.36333333333
2.2523364486
2.3642172524
2.30094043887
2.27828746177
2.36363636364
2.30650154799
2.275
2.33125
2.29841269841
2.32467532468
2.33855799373
2.37419354839
2.36217948718
2.30670926518
2.35897435897
2.30124223602
2.29874213836
2.35555555556
2.32797427653
2.23493975904
2.33440514469
2.30158730159
2.28616352201
2.34333333333
2.30124223602
2.26984126984
2.29721362229
2.30769230769
2.37179487179
2.27619047619
2.25
2.32899022801
2.26898734177
2.40066225166
2.32333333333
2.30529595016
2.30944625407
2.30097087379
2.36393442623
2.3125
2.29206349206
2.32890365449
2.28881987578
2.29315960912
2.32026143791
2.32899022801
2.3642172524
2.32131147541
2.334375
2.30031948882
2.26366559486
2.30891719745
2.32288401254
2.35031847134
2.32278481013
2.33333333333
2.28525641026
2.33650793651
2.31076923077
2.32797427653
2.33123028391
2.25396825397
2.31475409836
2.28387096774
2.32026143791
2.33012820513
2.33118971061
2.36363636364
2.32797427653
2.38535031847
2.30990415335
2.33009708738
2.34504792332
2.34415584416
2.33653846154
2.24924924925
2.37025316456
2.36012861736
2.30094043887
2.31715210356
2.31578947368
2.33860759494
2.26923076923
2.29906542056
2.36688311688
2.31428571429
2.31270358306
2.35880398671
2.29337539432
2.34193548387
2.32176656151
2.35031847134
2.36092715232
2.34083601286
2.31347962382
2.32268370607
2.37741935484
2.25460122699
2.30721003135
2.37748344371
2.29206349206
2.3606557377
2.36120401338
2.30094043887
2.35275080906
2.28840125392
2.28616352201
2.27868852459
2.30650154799
2.33229813665
2.30030959752
2.32051282051
2.33333333333
2.22619047619
2.25961538462
2.28253968254
2.35197368421
2.36156351792
2.27358490566
2.28571428571
2.3141025641
2.31730769231
2.3064516129
2.33015873016
2.30555555556
2.30793650794
2.33656957929
2.2962962963
2.30573248408
2.33333333333
2.37541528239
2.35620915033
2.27476038339
2.37620578778
2.23100303951
2.30476190476
2.31596091205
2.30218068536
2.32278481013
2.41
2.29073482428
2.30625
2.3
2.35785953177
2.31661442006
2.27597402597
2.29102167183
2.32225913621
2.25705329154
2.29487179487
2.41883116883
2.31168831169
2.33227848101
2.29260450161
2.29523809524
2.3125
2.31464174455
2.32484076433
2.32407407407
2.36482084691
2.37
2.28846153846
2.28840125392
2.25705329154
2.30392156863
2.29337539432
2.28875379939
2.32371794872
2.30625
2.34069400631
2.30476190476
2.32362459547
2.31012658228
2.2554517134
2.30699088146
2.31948881789
2.29102167183
2.29652996845
2.28706624606
2.30097087379
2.31132075472
2.27300613497
2.35555555556
2.37133550489
2.32278481013
2.33962264151
2.34627831715
2.30546623794
2.31391585761
2.28431372549
2.3707165109
2.33762057878
2.23510971787
2.32154340836
2.28
2.32911392405
2.30944625407
2.28037383178
2.33229813665
2.328125
2.33126934985
2.3549382716
2.28616352201
2.33125
2.35275080906
2.35825545171
2.28173374613
2.31446540881
2.32131147541
2.34405144695
2.30218068536
2.28295819936
2.240625
2.32
2.35643564356
2.28398791541
2.30693069307
2.34169278997
2.30868167203
2.28846153846
2.29113924051
2.25525525526
2.29022082019
2.30564784053
2.29206349206
2.3417721519
2.25454545455
2.2789968652
2.29617834395
2.26380368098
2.29430379747
2.29337539432
2.32051282051
2.328125
2.25856697819
2.28481012658
2.33753943218
2.31290322581
2.33986928105
2.30340557276
2.28888888889
2.27794561934
2.36245954693
2.37942122186
2.35947712418
2.2996941896
2.30491803279
2.34185303514
2.34627831715
2.25454545455
2.35117056856
2.35830618893
2.34193548387
2.29283489097
2.27051671733
2.33650793651
2.27070063694
2.34405144695
2.33018867925
2.30793650794
2.25386996904
2.28616352201
2.33546325879
2.32710280374
2.2875
2.33225806452
2.29746835443
2.32484076433
2.37142857143
2.34193548387
2.275
2.31746031746
2.33333333333
2.37380191693
2.27950310559
2.32343234323
2.28213166144
2.26349206349
2.27878787879
2.33121019108
2.29903536977
2.30420711974
2.35215946844
2.3009118541
2.2693498452
2.32236842105
2.26898734177
2.24137931034
2.28164556962
2.31147540984
2.26645768025
2.3137254902
2.31391585761
2.35668789809
2.22530864198
2.35897435897
2.35483870968
2.38977635783
2.32899022801
2.33440514469
2.32573289902
2.34375
2.33644859813
2.28703703704
2.31012658228
2.32371794872
2.30573248408
2.37873754153
2.29559748428
2.32919254658
2.27243589744
2.28295819936
2.31152647975
2.28706624606
2.30503144654
2.33012820513
2.35409836066
2.30546623794
2.29545454545
2.28267477204
2.41077441077
2.3
2.33656957929
2.37086092715
2.32
2.28658536585
2.290625
2.34967320261
2.3
2.29559748428
2.33006535948
2.30721003135
2.25748502994
2.28115015974
2.33228840125
2.24316109422
2.41479099678
2.32398753894
2.31152647975
2.26729559748
2.28301886792
2.27936507937
2.28664495114
2.28395061728
