50
88
46
66
46
93
45
42
70
58
58
67
59
35
50
53
63
86
52
44
47
44
63
37
45
57
65
58
51
61
41
63
31
46
53
48
38
60
52
40
62
83
75
52
38
53
60
76
41
81
52
41
52
70
58
35
51
59
46
58
53
63
59
64
78
53
48
55
42
67
57
48
42
70
46
65
52
42
50
60
52
39
61
50
60
43
51
70
42
48
64
54
65
47
63
34
52
59
88
46
62
40
51
41
70
64
39
39
40
43
49
92
48
52
55
35
42
39
64
36
72
60
48
53
54
66
70
63
59
63
44
54
53
51
57
48
49
62
54
48
101
71
76
89
73
50
45
49
63
59
76
63
81
67
37
55
68
59
40
65
42
61
68
76
65
47
59
56
54
55
37
57
64
47
65
69
39
44
65
68
53
42
58
79
42
71
56
62
38
53
58
66
48
57
52
49
46
87
67
42
55
50
49
52
39
44
63
56
46
73
39
50
61
52
60
70
80
54
77
47
51
33
64
35
81
59
47
63
52
36
46
82
61
61
76
41
52
44
50
75
78
42
54
37
50
59
68
58
38
40
48
57
31
49
33
55
65
49
67
47
43
47
63
53
45
47
78
42
45
58
58
33
57
62
46
41
62
68
48
58
46
67
57
70
68
52
81
50
45
50
71
50
57
66
44
41
78
45
52
70
58
39
54
64
43
41
94
52
58
73
55
38
91
49
56
69
65
76
39
49
46
53
40
83
42
62
43
45
50
73
47
78
43
39
53
53
43
62
75
50
55
54
47
45
43
51
57
57
56
50
46
45
50
57
89
41
45
52
50
59
49
59
57
50
53
44
59
46
46
58
65
53
58
43
49
94
35
62
62
44
69
44
84
41
47
64
43
46
50
56
86
50
55
61
55
52
49
54
55
44
53
44
32
77
71
63
47
60
77
36
44
52
41
85
42
82
59
51
44
66
39
67
57
50
57
44
41
62
42
33
49
51
73
56
62
41
69
47
69
49
60
65
47
63
59
44
45
52
47
51
38
53
39
46
50
50
68
39
35
45
43
58
47
58
48
45
48
39
46
62
37
47
45
52
60
61
46
60
82
74
51
49
46
47
62
72
63
64
33
58
53
55
58
53
52
60
67
58
86
48
53
50
60
41
49
65
41
46
39
48
45
57
46
39
50
56
58
41
46
51
40
41
58
48
49
53
59
93
71
44
57
53
62
45
65
58
49
80
56
44
77
48
67
49
41
59
62
74
46
72
44
44
48
46
40
49
35
48
53
39
50
64
44
68
52
80
57
44
54
55
56
53
67
74
62
75
55
52
35
69
57
47
55
47
58
94
70
46
69
53
42
47
52
71
65
53
52
56
34
50
32
51
67
67
59
39
58
62
91
33
53
60
45
42
42
68
83
49
57
48
38
33
62
57
47
71
55
51
52
67
84
48
39
63
42
50
69
45
69
63
47
64
46
56
49
50
52
70
67
45
59
51
43
53
45
45
38
70
70
63
63
58
88
71
64
45
66
49
42
72
62
50
64
55
49
49
58
68
65
72
61
46
51
45
46
57
76
47
74
52
51
75
39
52
61
53
65
52
69
67
46
53
103
66
60
49
90
58
39
57
52
60
37
46
58
40
57
54
56
41
53
52
48
60
34
44
62
51
48
45
64
53
58
51
81
57
62
58
37
72
51
50
48
41
60
49
52
73
69
42
37
53
79
47
51
56
49
38
46
55
44
58
53
49
54
61
61
50
61
62
42
67
44
45
44
56
32
67
47
48
58
70
80
52
71
68
53
60
70
56
48
53
61
58
51
46
54
59
82
53
60
56
86
52
69
66
57
42
45
55
63
53
57
58
42
46
43
48
47
44
52
47
58
52
56
44
50
33
50
37
62
63
62
47
38
39
57
73
36
80
58
44
42
39
89
52
40
54
62
66
51
68
79
63
49
49
76
38
51
51
56
49
67
54
53
45
43
61
35
57
66
66
54
52
43
49
76
44
35
57
52
61
79
48
33
57
80
55
34
86
64
62
55
51
39
54
52
47
42
50
44
77
61
49
55
53
92
69
54
78
66
56
53
46
46
59
60
73
62
59
45
62
75
49
53
60
44
79
46
69
68
51
78
52
77
40
51
57
58
48
59
46
51
34
73
86
43
54
52
67
55
70
33
43
49
55
53
54
47
47
80
55
64
45
32
56
61
44
54
47
53
55
62
61
59
45
40
43
56
37
47
70
53
48
63
39
48
67
55
53
64
56
49
45
81
60
68
45
57
65
30
56
45
57
55
89
62
45
48
62
57
54
38
55
45
66
37
79
30
56
57
38
30
71
54
38
56
91
72
54
66
56
54
66
57
51
60
41
34
40
67
64
33
54
39
59
67
52
46
43
37
47
56
39
56
44
52
68
45
45
40
68
53
40
53
43
45
54
37
60
53
66
67
56
80
55
43
60
54
36
49
77
62
55
49
49
40
70
49
50
43
42
56
51
57
55
45
66
60
39
61
52
43
37
81
48
53
52
59
58
42
48
58
46
44
54
78
51
56
48
44
50
54
47
52
79
58
58
45
77
57
60
71
42
52
54
46
46
45
50
62
50
69
57
44
46
38
53
58
48
44
55
40
66
67
60
79
33
60
58
49
46
59
74
48
47
50
69
55
50
47
47
60
50
77
74
56
53
57
60
53
42
42
44
45
52
58
51
67
45
48
34
66
50
53
73
59
38
50
40
88
42
45
53
56
57
45
43
62
34
42
71
64
57
51
59
46
51
48
56
44
47
49
47
51
39
48
47
77
42
47
63
56
58
48
49
38
65
64
44
43
36
80
57
63
44
51
51
43
51
62
52
56
44
59
40
63
64
62
46
53
83
60
60
66
58
48
49
39
47
71
55
51
53
72
76
73
55
66
45
56
76
68
67
76
71
36
46
41
54
54
61
41
69
76
58
38
50
51
41
42
66
50
56
83
33
46
57
58
70
53
49
60
36
50
60
79
52
51
49
52
61
62
76
56
49
50
44
65
58
55
89
39
51
93
59
36
39
46
44
53
52
50
49
70
61
47
43
52
74
51
59
58
59
65
48
61
73
49
39
57
45
49
69
52
63
62
58
54
59
56
48
41
72
62
51
74
67
40
49
64
47
48
67
53
97
55
54
34
54
57
51
60
53
48
50
75
54
72
57
57
61
39
52
69
45
38
52
47
59
48
61
48
48
54
72
74
51
50
35
71
58
45
58
47
48
72
42
59
62
44
48
56
56
50
52
50
54
74
54
59
48
62
34
58
55
39
40
52
34
51
72
65
45
58
83
64
54
53
60
50
58
47
61
53
56
67
70
72
61
51
50
70
59
63
56
46
42
51
57
37
64
59
36
39
59
73
68
43
52
39
66
62
58
39
55
49
44
37
46
63
62
61
78
43
43
55
79
44
81
51
46
49
40
37
99
51
65
72
57
42
67
60
51
76
81
49
38
41
67
38
44
47
58
40
72
61
59
48
47
63
71
57
59
54
31
47
54
54
63
37
61
50
56
55
42
71
62
51
75
60
39
45
49
56
49
69
51
70
45
77
53
60
45
62
47
62
53
46
55
56
46
36
46
34
63
60
51
44
74
56
58
50
40
54
47
54
53
77
46
48
53
48
55
35
54
75
70
49
31
67
61
68
53
64
81
48
43
41
40
48
35
49
56
55
78
65
45
62
51
65
41
54
47
48
42
72
52
51
43
45
66
62
64
66
68
76
69
45
42
59
53
48
39
52
41
44
58
48
67
38
87
49
59
82
58
69
55
72
52
39
79
58
54
65
44
58
52
45
45
60
43
69
62
51
68
70
46
95
61
57
52
71
45
49
53
55
57
80
65
37
63
58
64
36
46
69
56
47
48
47
61
56
40
55
39
61
46
82
45
56
40
50
77
37
56
58
52
48
72
62
47
67
46
44
51
53
54
56
60
48
46
68
68
41
48
44
54
42
62
48
69
67
42
45
52
60
63
56
64
53
47
41
75
60
62
49
53
55
32
74
50
42
57
42
75
54
42
43
57
67
45
45
34
61
59
52
65
63
66
50
45
62
66
74
42
51
36
78
44
55
64
53
50
59
42
49
43
55
66
48
56
51
47
67
46
67
56
40
54
71
51
55
60
44
54
57
69
44
57
41
57
59
50
63
63
71
52
39
60
42
52
62
100
37
52
48
39
41
59
43
53
46
57
47
46
59
46
56
62
69
47
52
70
57
54
53
62
81
51
65
85
58
67
53
57
58
52
42
45
79
83
75
53
47
64
36
52
47
33
54
42
47
50
63
32
46
57
72
38
53
54
42
46
44
63
41
70
35
69
55
57
65
60
48
58
77
57
77
45
48
51
51
74
92
75
49
42
48
54
64
74
43
65
49
71
35
38
53
79
42
58
53
33
43
38
52
41
57
47
60
41
72
76
60
82
88
55
79
48
53
52
41
51
44
47
34
70
59
75
33
63
67
45
51
48
49
56
59
45
50
54
46
80
58
67
45
35
57
43
42
61
57
94
42
51
43
58
53
49
