392
192
98
82
79
87
76
76
54
50
48
49
57
109
105
110
77
64
66
99
89
93
110
83
83
71
56
46
85
59
75
66
61
86
51
38
83
103
57
108
60
116
89
72
106
65
96
61
65
88
68
75
63
73
56
86
92
50
51
48
70
59
85
69
96
82
76
55
66
58
87
91
98
73
81
74
58
78
70
76
77
95
47
51
68
58
110
77
99
65
58
67
92
58
100
78
101
56
51
65
65
78
67
58
53
75
56
80
79
51
69
63
85
67
52
103
94
72
84
54
84
82
81
51
63
84
86
67
81
81
62
87
93
50
77
56
89
56
66
58
83
95
57
54
48
55
70
66
76
72
90
73
65
63
70
68
56
74
56
57
43
80
64
59
81
44
78
70
81
73
57
60
51
77
84
80
82
81
96
75
70
71
112
54
69
107
69
73
89
66
103
82
89
89
72
54
77
95
69
62
77
64
85
87
81
68
62
39
95
85
61
72
57
66
84
67
81
78
58
77
82
49
72
53
88
77
79
97
78
76
56
59
51
57
51
86
53
58
56
59
50
51
58
73
86
55
57
69
68
84
62
70
59
60
69
55
76
52
53
63
90
139
77
55
57
54
62
66
62
87
76
76
78
50
56
66
74
72
58
98
61
68
53
70
63
102
126
64
63
66
83
68
52
48
59
81
60
86
70
57
84
37
56
80
63
45
97
58
72
59
54
63
67
74
68
72
63
77
62
74
50
67
106
48
70
55
69
49
53
69
80
71
75
89
68
47
54
89
81
98
69
51
66
70
52
49
74
53
63
87
56
58
77
79
47
58
50
73
65
48
60
85
71
80
76
91
88
108
63
69
73
47
73
73
60
58
63
60
83
102
71
86
65
64
61
69
83
57
67
79
69
73
64
66
77
107
72
71
43
69
102
61
72
81
67
95
76
67
68
62
77
79
55
50
61
46
85
85
70
71
65
50
82
96
103
49
57
86
89
79
90
57
82
62
63
49
50
55
75
104
80
54
68
60
45
65
76
76
63
78
71
51
60
104
77
72
65
76
78
68
62
82
60
65
75
86
60
55
90
67
79
66
55
77
62
75
89
56
45
59
72
70
107
74
92
99
68
79
90
66
74
63
69
69
78
63
47
59
57
93
100
74
99
85
92
60
63
86
63
52
65
60
78
40
53
74
56
40
56
78
59
72
72
55
87
52
76
62
77
85
89
68
73
73
119
67
84
58
84
88
83
90
61
52
76
78
71
70
88
51
124
80
40
56
55
80
79
72
63
69
85
62
79
52
53
95
82
62
103
78
48
63
61
56
70
61
80
34
53
71
60
57
66
92
52
74
85
58
40
51
71
57
68
75
61
63
45
53
60
57
70
66
52
58
60
52
50
55
47
68
76
50
46
61
71
48
128
76
55
82
64
74
70
106
55
92
62
58
82
60
106
78
60
62
56
49
65
76
64
67
57
83
75
67
96
69
66
90
72
55
85
81
55
54
58
71
60
79
76
98
86
93
83
62
83
64
62
59
84
89
74
43
69
61
57
78
76
60
67
103
86
59
72
95
92
92
89
69
85
91
70
86
96
81
63
53
61
76
62
74
78
60
37
65
51
51
64
66
81
71
73
89
82
60
67
88
56
50
68
95
57
63
59
62
83
73
87
73
52
61
56
62
90
77
85
68
55
64
86
73
78
43
52
79
93
67
94
70
56
53
69
59
65
76
92
87
78
63
65
68
61
56
60
80
113
69
59
87
96
63
71
69
75
62
58
69
84
64
59
68
60
43
85
78
76
61
84
59
93
88
60
55
66
89
107
68
57
62
54
69
85
76
111
74
62
72
70
52
91
71
60
52
77
42
76
55
77
68
62
62
93
71
65
80
84
76
74
72
49
113
110
65
81
83
86
53
61
86
76
91
77
89
76
58
58
115
95
70
98
98
84
73
72
68
58
58
92
74
56
49
41
71
49
51
39
61
66
76
73
53
70
65
55
78
54
47
71
83
96
89
80
110
97
101
100
64
61
77
58
41
72
59
45
61
56
81
59
76
56
74
66
77
62
81
57
62
90
64
102
66
78
78
64
51
63
80
80
72
72
74
85
79
73
100
79
55
50
52
75
104
76
56
63
62
84
48
71
96
113
66
72
104
62
88
80
65
76
85
97
92
52
66
57
94
74
68
67
83
90
100
50
58
61
61
78
51
57
50
49
64
81
93
99
86
52
81
82
71
110
83
89
71
55
55
77
88
103
90
75
49
45
42
65
98
84
77
115
136
64
69
342
219
125
77
68
68
75
51
52
50
65
61
56
54
71
75
64
81
90
68
55
60
52
70
94
96
93
75
63
62
101
65
59
73
79
70
74
56
97
101
81
69
79
59
64
77
73
98
74
57
87
115
64
94
82
65
53
59
93
83
58
43
58
73
52
60
99
103
65
82
80
44
77
52
84
99
66
65
94
75
81
60
67
79
70
75
89
84
51
77
61
42
60
64
73
64
51
72
61
72
63
49
86
54
70
91
57
79
81
90
78
74
94
100
85
52
54
59
50
65
59
66
86
87
77
96
100
79
77
63
100
69
79
42
58
65
52
41
92
83
83
89
71
93
94
92
73
55
68
66
80
78
92
72
61
81
67
68
54
65
90
106
85
69
55
78
61
74
45
83
71
61
63
90
70
93
65
77
67
69
72
52
70
85
73
59
77
68
44
60
51
42
59
68
66
52
65
60
67
82
60
63
74
66
71
80
66
76
45
66
60
65
82
55
70
70
57
72
85
63
76
71
96
55
70
81
72
77
83
81
81
60
62
79
81
57
84
80
95
81
80
92
79
68
58
102
71
104
74
83
60
70
63
65
90
86
90
118
86
79
74
99
77
54
88
105
93
43
50
79
82
92
54
47
69
47
67
79
68
84
87
74
70
70
45
92
78
67
66
86
45
41
61
79
66
72
66
76
70
71
84
41
64
84
81
96
109
74
83
78
74
50
56
74
66
58
94
68
52
72
67
64
86
88
86
63
73
66
66
64
85
88
45
73
55
92
53
64
86
82
62
76
57
80
109
77
69
103
82
84
54
57
73
72
64
50
86
83
68
55
59
62
66
88
98
85
88
61
63
100
67
69
49
67
67
73
72
61
65
67
72
64
62
93
73
48
42
66
66
60
77
67
81
74
51
83
90
93
76
67
77
67
94
93
77
60
82
65
57
73
99
88
57
66
104
96
83
62
74
76
74
49
60
78
70
66
60
71
43
81
53
93
76
74
70
82
62
63
62
61
91
89
56
86
103
88
69
65
76
71
77
52
52
73
89
99
69
51
79
99
86
64
58
85
72
60
65
70
56
51
78
77
82
70
92
59
64
79
106
95
59
56
60
59
71
73
77
75
87
78
65
84
93
101
83
111
62
66
71
75
63
63
69
77
60
96
91
60
62
64
87
77
56
63
51
75
72
49
54
84
90
60
63
67
72
52
78
99
73
56
60
65
84
47
53
64
61
70
54
62
69
67
90
62
61
82
94
49
59
74
70
63
81
67
42
92
86
65
78
69
72
47
72
76
69
75
61
69
80
83
94
52
98
102
90
108
39
84
88
91
91
76
54
77
48
65
58
69
62
87
67
62
53
62
64
68
62
57
57
80
64
67
76
67
82
93
69
51
66
60
85
61
63
45
53
65
70
58
75
60
42
46
44
54
92
81
85
62
61
104
88
80
64
71
72
69
62
73
68
63
84
92
82
91
63
77
61
70
69
67
108
76
60
72
93
99
88
56
70
87
67
78
67
76
54
62
95
60
68
81
49
49
68
59
66
56
43
47
59
57
74
89
98
70
59
54
83
55
52
104
87
98
102
105
54
65
86
64
62
68
62
100
69
80
103
91
65
69
73
66
47
74
96
81
49
69
69
75
96
71
69
110
109
107
108
110
98
110
85
53
77
70
83
61
57
46
66
107
75
83
58
72
63
106
113
114
70
95
59
78
70
81
74
61
63
61
50
55
63
60
68
51
67
57
70
76
71
64
52
61
52
64
62
65
81
71
66
51
63
81
58
51
46
68
61
60
50
47
67
66
67
75
96
62
72
62
91
54
98
71
62
62
76
56
52
48
88
47
63
101
88
80
63
82
106
65
90
62
73
65
64
52
102
114
72
60
74
87
67
43
74
71
99
45
60
54
54
44
56
62
64
85
74
92
108
78
54
89
86
83
87
85
81
60
42
75
79
55
90
62
68
91
55
81
55
84
76
107
63
55
78
94
75
72
70
60
80
76
67
51
53
59
64
96
80
75
68
62
87
70
73
95
91
95
102
61
59
48
61
61
59
71
50
83
92
100
88
91
88
81
76
67
59
54
109
96
77
70
64
66
77
55
75
70
78
62
70
79
59
78
56
66
58
51
60
58
89
75
68
63
58
74
58
62
63
63
65
109
77
68
66
75
43
72
81
75
56
65
84
95
79
54
66
56
68
61
54
69
54
45
81
82
67
111
67
87
69
90
60
92
62
44
65
62
61
41
73
62
61
51
60
68
93
99
72
59
77
75
46
88
370
182
121
74
76
83
63
66
47
94
93
67
61
53
73
86
85
50
56
68
63
97
87
45
79
52
76
69
60
71
67
70
66
62
61
67
115
85
72
96
97
74
55
89
86
71
84
59
61
53
60
106
52
68
57
101
64
47
57
87
102
92
60
66
72
61
55
70
80
90
91
83
69
63
48
46
96
93
74
67
95
70
74
55
51
52
73
61
62
72
64
109
109
117
96
73
63
49
63
53
62
81
43
45
42
92
110
46
77
54
73
54
52
65
56
59
93
80
98
44
104
137
80
62
59
70
73
103
63
61
65
69
70
72
106
71
82
53
70
65
70
69
73
81
67
69
71
58
43
91
50
82
58
82
56
53
79
84
83
83
69
57
94
65
65
66
58
66
99
72
48
58
63
70
56
83
59
70
50
50
76
87
80
105
53
77
38
63
47
60
77
54
66
65
81
88
58
63
58
75
69
76
52
61
98
68
50
70
51
81
67
74
104
86
70
76
63
56
69
61
87
82
88
46
90
75
88
48
62
58
85
84
62
61
56
50
57
54
71
75
56
58
69
48
67
63
59
60
96
78
65
70
62
54
82
58
57
88
62
62
76
77
72
80
59
92
79
62
95
56
62
62
69
60
70
83
53
71
65
72
56
56
81
69
73
86
60
72
47
65
78
65
62
88
114
102
64
59
96
47
87
123
70
71
85
47
91
86
81
70
62
92
57
92
109
88
89
65
86
82
72
77
46
82
81
43
63
53
49
81
62
84
51
70
62
71
69
73
79
83
78
86
79
73
81
73
67
94
82
84
55
63
68
66
44
58
70
56
56
61
65
105
101
74
55
92
59
81
59
62
66
79
64
81
79
76
81
66
86
68
63
71
68
79
88
71
89
60
56
60
64
71
63
70
71
64
64
67
48
64
77
70
80
73
50
46
81
69
48
69
104
79
61
37
47
63
54
111
65
96
66
73
93
72
74
66
67
64
52
64
92
57
92
73
54
68
65
68
83
80
76
63
59
91
77
55
75
80
97
99
91
82
72
93
93
81
105
94
63
44
85
81
79
80
73
69
72
103
82
70
56
69
85
95
117
99
48
59
58
95
65
80
118
97
91
64
68
82
68
61
109
89
75
61
83
72
78
71
79
56
69
52
68
86
50
65
94
94
69
90
76
45
80
55
76
88
54
72
86
54
65
81
70
57
51
96
71
63
70
49
52
50
102
113
77
91
81
57
66
76
71
74
53
62
60
63
63
75
53
63
76
74
63
66
50
86
68
80
60
85
93
95
55
81
113
107
72
67
109
55
84
77
79
52
55
62
67
44
78
54
58
58
49
67
69
52
70
83
79
78
54
82
53
84
68
78
89
97
53
70
63
62
54
64
66
73
43
54
78
81
76
63
60
54
68
108
72
68
59
78
57
69
53
79
67
50
70
89
70
67
60
72
105
93
109
94
75
72
64
91
78
66
76
85
68
48
57
68
73
85
75
71
80
65
78
56
75
64
59
88
68
64
72
68
67
93
87
109
82
84
60
69
78
60
42
75
55
72
40
74
81
86
78
66
85
68
54
79
56
77
60
89
93
60
65
54
65
78
47
68
86
80
67
72
53
53
71
62
59
72
43
59
83
94
80
72
92
85
71
61
76
71
60
73
59
76
39
76
66
58
60
71
57
67
68
58
58
63
54
67
59
59
61
84
55
58
84
48
77
54
82
55
64
52
92
59
64
98
121
84
75
79
98
48
64
65
64
95
84
100
89
77
83
95
51
75
63
80
78
84
65
53
85
118
94
72
72
86
60
73
47
74
64
84
84
69
60
61
57
69
84
60
110
103
70
76
73
65
59
68
76
41
71
82
79
64
51
65
78
72
67
74
95
72
60
60
72
65
79
58
60
83
97
76
72
102
120
83
97
64
82
69
102
69
60
52
61
90
56
55
97
85
76
81
63
85
84
69
73
49
64
49
53
72
74
73
77
67
84
49
62
53
78
104
96
54
81
44
72
73
64
44
68
90
104
50
62
51
64
65
53
72
60
71
68
104
80
68
95
87
70
57
43
62
37
58
76
68
74
81
87
59
77
80
79
91
68
83
98
80
54
78
65
69
61
91
87
49
82
50
65
67
63
112
90
79
78
76
106
91
60
68
44
71
66
57
45
70
63
78
80
75
67
73
55
63
71
80
102
67
72
111
90
86
57
56
72
96
58
69
63
86
75
95
88
97
73
81
71
89
91
53
73
83
93
71
63
70
55
74
59
44
74
60
66
73
55
60
67
102
