684
630
568
514
490
476
439
421
399
363
349
333
317
321
307
303
275
267
255
239
219
211
194
190
190
169
175
169
167
145
147
151
145
135
115
107
99
93
95
85
94
106
104
124
90
90
98
96
118
128
132
118
110
90
87
98
92
82
82
85
98
108
90
114
88
98
125
101
89
101
76
83
80
70
82
82
71
60
58
60
72
72
62
62
64
70
54
42
48
51
71
73
81
77
83
82
75
78
70
75
79
61
61
55
51
52
59
67
64
80
63
64
63
51
55
65
63
56
61
64
51
66
69
77
68
74
90
84
70
70
78
95
77
90
89
75
81
91
79
85
93
87
79
75
79
83
93
96
106
86
74
65
57
66
69
67
77
79
73
72
86
69
67
66
74
70
52
50
54
47
57
65
77
69
53
65
65
52
56
80
65
53
47
67
74
72
82
98
76
81
85
77
75
64
50
57
61
71
63
81
79
85
76
89
59
79
67
68
48
61
66
73
70
58
66
69
73
69
85
87
93
83
77
69
77
85
91
86
79
83
83
83
91
85
81
77
67
60
50
52
57
61
57
75
87
85
81
63
78
88
96
102
120
120
120
116
110
95
79
61
55
57
67
68
78
72
80
82
88
99
83
79
71
82
73
59
48
56
54
52
52
40
42
50
56
54
50
56
65
63
61
71
65
55
59
67
73
57
59
62
690
645
595
549
525
507
475
471
449
421
389
369
343
317
296
278
269
253
250
238
225
189
170
148
149
140
140
116
115
125
115
97
67
75
63
64
53
58
72
77
72
87
96
95
81
71
77
74
74
78
78
75
76
67
71
80
78
81
82
89
75
75
64
69
93
108
100
96
92
92
96
105
105
106
100
85
117
99
103
101
98
97
93
78
72
64
68
76
94
82
80
85
74
62
60
44
50
50
44
54
60
58
54
46
46
48
60
45
45
41
47
64
63
59
45
49
54
61
63
64
74
64
65
68
72
82
102
94
92
80
90
89
80
72
62
58
57
66
74
68
81
88
89
85
75
78
77
82
92
94
78
81
85
58
54
48
52
49
56
56
48
54
62
60
51
61
67
53
48
59
76
82
94
94
92
86
92
84
86
90
86
88
81
101
97
89
78
91
93
85
77
76
75
83
85
79
89
71
71
67
59
69
73
81
71
60
54
51
51
64
55
69
69
66
68
82
82
86
88
98
84
78
92
98
98
98
95
73
77
75
79
96
90
96
97
104
100
102
70
75
67
79
72
76
77
82
80
70
78
68
56
58
55
57
59
65
79
81
77
75
65
79
89
59
62
74
56
56
75
59
60
61
51
69
54
62
72
68
64
70
72
52
54
46
60
57
61
61
68
69
59
71
83
76
70
68
72
52
63
78
72
74
70
73
68
64
68
58
53
57
67
77
63
73
59
61
59
69
63
65
65
73
61
60
57
59
63
57
69
73
73
83
75
85
79
77
78
74
68
77
66
64
71
67
87
85
82
98
94
97
82
84
72
66
68
70
66
67
65
67
67
60
65
67
64
63
53
54
53
51
61
69
75
73
81
81
93
83
75
75
63
47
37
43
56
41
50
65
63
56
61
53
57
62
63
64
70
76
81
77
678
595
543
517
469
425
417
397
377
351
333
331
321
297
285
267
243
223
205
193
182
154
167
175
183
173
175
173
155
143
147
139
136
132
104
90
87
95
93
87
79
89
73
53
69
83
90
78
49
62
51
57
58
56
64
61
53
68
92
70
75
66
75
80
74
92
98
92
98
96
102
108
92
94
102
88
84
84
80
68
78
72
82
73
70
82
84
91
96
88
85
97
89
83
85
83
75
97
110
114
108
108
98
86
76
78
74
79
81
75
69
87
75
73
73
69
85
57
53
40
48
54
66
81
89
99
99
54
57
58
62
48
53
62
53
60
56
47
61
51
60
59
62
76
79
65
63
59
47
54
55
67
85
85
87
89
79
71
67
69
69
65
63
63
65
63
54
65
77
72
83
69
61
65
64
84
60
57
58
51
51
52
48
58
74
66
64
74
68
82
68
70
72
78
91
79
83
79
85
89
708
630
602
565
531
505
475
417
403
395
378
374
351
337
329
307
287
263
255
225
213
203
179
175
149
147
133
141
129
95
87
98
98
117
107
107
92
108
112
102
97
93
93
92
94
98
95
96
116
92
102
101
89
87
77
82
66
76
68
60
70
74
61
84
94
83
73
67
65
61
57
77
79
94
89
87
75
84
83
73
65
71
75
75
78
92
86
98
92
82
81
64
54
49
48
59
55
53
65
53
67
77
82
84
73
64
60
51
59
75
78
88
96
102
94
80
83
91
97
101
103
116
121
94
78
74
82
84
84
78
82
82
90
72
75
70
62
75
81
88
68
57
62
68
68
87
89
91
88
86
98
104
108
98
108
104
81
69
59
65
65
50
62
67
71
69
82
80
71
72
72
60
65
59
70
60
68
76
94
87
76
74
92
82
82
82
84
66
82
66
86
74
86
88
90
90
83
91
83
91
708
608
576
536
498
486
462
420
410
388
366
344
342
340
318
312
282
252
248
244
226
216
208
205
187
183
185
185
161
137
125
123
123
130
98
100
90
98
98
112
108
98
98
106
100
100
90
62
46
52
53
39
41
45
70
66
67
62
57
51
51
57
67
62
62
80
72
85
81
71
85
69
86
74
76
92
88
90
90
66
78
78
68
76
65
67
67
61
69
73
73
51
55
53
51
50
54
53
61
56
724
646
598
558
510
477
445
423
377
351
305
295
283
270
264
252
244
228
188
192
187
193
193
151
121
137
125
105
102
88
88
85
75
81
69
77
72
70
61
63
67
71
79
77
74
68
68
74
66
68
68
76
86
78
76
72
88
76
82
88
86
94
82
78
72
82
92
100
102
98
100
108
108
92
94
70
58
72
78
60
56
53
48
60
78
103
98
100
77
78
76
70
73
82
66
63
63
73
79
79
81
74
80
90
87
77
67
81
67
69
82
75
55
69
69
59
60
55
55
59
69
79
80
94
86
105
123
123
119
120
126
121
115
112
110
99
91
96
74
74
70
67
57
67
76
70
78
82
76
70
70
80
87
80
78
82
79
79
71
73
55
65
43
65
75
79
79
81
81
89
77
74
74
68
78
74
85
77
77
83
63
61
55
62
58
55
57
57
47
43
48
59
55
65
65
63
65
61
60
64
74
71
74
75
56
61
65
65
74
81
79
89
95
97
85
82
75
84
74
62
50
50
52
56
51
57
51
53
57
61
49
51
66
52
58
62
68
66
70
70
76
82
76
80
82
86
83
89
94
98
94
92
93
89
87
91
87
89
95
87
95
96
99
103
100
100
103
108
120
122
104
101
95
89
81
77
89
79
72
80
82
81
103
82
94
90
102
86
82
66
48
47
57
80
100
103
97
82
76
74
86
90
76
85
84
84
65
61
69
60
64
64
56
54
67
63
70
75
75
83
87
89
89
99
111
111
101
102
95
95
95
89
101
79
79
77
61
71
69
79
71
72
62
80
83
73
57
71
70
71
72
72
67
60
85
93
84
84
89
77
73
87
81
78
58
58
68
63
73
90
89
83
81
52
54
57
59
64
58
70
71
78
83
77
68
94
91
106
98
82
78
88
72
76
62
60
56
50
50
68
70
52
60
56
66
59
57
71
63
68
63
63
63
74
52
67
63
66
69
76
66
61
65
61
48
48
58
58
64
60
59
83
86
79
77
75
71
79
71
80
90
76
79
100
106
80
70
74
69
46
61
66
66
49
64
68
78
72
74
91
69
82
70
70
86
77
66
62
67
74
66
82
74
72
78
78
95
94
74
76
63
65
71
71
79
95
81
77
80
84
80
84
76
50
46
63
72
74
68
48
50
62
64
72
60
60
56
60
52
50
49
53
49
61
47
57
59
68
62
80
67
74
82
84
86
104
120
124
124
102
99
91
89
89
73
80
76
82
82
98
90
96
82
81
83
97
95
75
74
61
78
84
81
87
69
70
64
80
71
78
69
61
71
67
73
63
65
63
56
54
62
64
73
87
76
64
56
58
54
51
58
54
70
64
55
55
69
81
81
67
53
73
76
76
88
80
72
73
67
57
718
660
592
546
522
486
460
426
418
394
374
350
343
337
317
291
287
283
261
257
237
225
209
221
207
205
197
177
165
165
153
149
137
125
127
110
97
113
108
101
96
87
88
91
83
93
94
90
83
82
72
71
78
68
72
78
80
68
84
72
77
65
69
85
87
71
67
65
80
69
71
75
73
71
69
69
67
79
67
65
87
97
94
92
88
86
78
72
59
94
90
85
87
79
73
70
67
67
76
74
84
90
82
96
104
108
98
90
93
87
84
79
75
69
68
55
57
59
70
63
57
84
89
79
81
66
74
68
85
78
64
66
82
73
72
86
88
80
87
67
49
80
70
76
86
72
82
74
72
69
78
76
76
74
82
91
119
115
109
99
93
95
100
105
103
99
93
90
81
69
79
79
76
80
92
102
94
93
85
83
81
88
69
83
81
87
87
75
61
63
75
71
70
80
76
73
60
52
56
54
