53
63
81
56
49
40
34
45
69
67
48
50
37
70
82
58
44
41
41
63
57
44
49
51
49
50
66
62
47
67
46
65
60
56
40
57
62
42
46
43
68
61
57
45
33
37
53
62
79
59
44
44
39
39
59
44
34
45
41
53
43
51
54
39
41
62
51
50
45
47
42
64
65
47
62
71
62
48
45
61
66
67
59
39
47
56
44
44
45
51
42
88
48
70
50
49
62
46
52
57
45
33
55
50
51
41
49
43
69
79
55
54
78
59
60
59
35
52
56
36
52
47
44
67
73
86
63
42
61
43
66
43
51
49
44
44
42
56
55
61
50
53
54
66
43
56
51
53
50
56
37
41
39
32
76
61
42
49
85
63
63
40
36
49
51
57
60
35
45
51
74
60
63
66
52
66
53
74
69
69
40
59
73
53
65
54
45
45
58
45
70
46
38
36
62
41
45
49
54
40
53
47
76
97
60
70
47
35
70
55
69
52
53
70
42
63
27
52
38
50
67
88
39
55
54
46
70
60
67
40
43
82
68
52
42
70
80
76
45
55
37
51
66
66
43
51
51
46
52
45
60
43
68
58
53
72
65
48
51
48
51
44
58
52
70
57
73
43
41
39
38
40
49
49
34
65
56
36
66
57
59
38
49
45
52
45
48
56
57
71
38
66
49
54
52
60
57
59
59
62
90
55
50
58
70
60
39
39
74
40
55
68
89
56
52
65
34
44
67
57
55
44
45
60
65
48
65
41
41
63
46
80
42
40
74
65
52
52
47
66
68
43
46
75
55
43
69
45
42
53
66
74
36
57
51
62
47
46
63
80
49
56
39
50
56
52
61
63
60
80
49
35
41
41
47
49
54
43
49
45
69
42
58
88
78
49
63
52
59
47
66
43
63
76
50
64
33
42
55
59
49
52
50
49
45
59
46
53
45
59
68
60
55
48
57
61
63
63
55
55
63
56
37
65
55
60
50
45
52
52
63
38
54
66
47
57
71
44
59
50
37
49
48
47
56
58
66
41
57
46
54
41
63
55
51
81
52
56
58
49
42
61
58
62
56
44
51
58
41
33
32
58
92
69
42
45
47
61
59
45
62
60
67
57
46
53
76
68
41
36
48
52
41
57
38
43
44
41
61
86
36
39
78
42
52
69
77
60
37
57
47
45
45
52
60
51
56
45
61
52
44
50
54
35
60
40
70
76
44
50
52
43
76
43
48
56
71
67
67
47
38
51
49
58
64
54
48
59
67
47
46
35
51
50
55
32
67
68
33
44
49
32
44
59
49
50
56
48
49
34
63
43
63
72
47
60
65
68
41
49
50
44
60
46
54
62
66
49
68
51
54
60
61
49
63
56
31
40
45
52
56
43
42
64
52
54
43
43
67
73
62
47
41
54
74
51
65
46
69
56
56
35
65
69
54
47
73
64
61
80
65
74
53
58
61
67
73
52
64
62
72
75
39
42
40
39
39
59
56
52
72
87
70
72
54
48
47
48
48
46
64
40
51
59
61
41
76
65
47
44
61
48
65
89
64
43
50
44
48
49
53
65
46
67
59
41
32
61
63
81
45
37
55
42
41
43
62
41
48
48
58
44
39
42
54
54
41
39
70
62
57
46
55
48
41
51
64
49
53
56
61
42
68
64
39
42
68
80
45
54
48
68
42
44
55
51
54
53
46
56
67
46
53
42
56
73
55
57
57
48
47
65
63
57
35
48
38
32
64
47
61
62
62
66
94
58
54
34
74
43
65
52
43
51
41
33
53
62
65
41
54
54
66
58
46
34
56
48
49
54
57
45
61
65
56
69
58
51
51
54
50
68
41
49
73
37
52
67
48
42
45
74
72
55
62
64
54
41
50
38
41
76
62
38
35
58
55
33
49
43
40
86
46
54
50
56
66
42
64
58
56
49
41
54
57
52
45
66
40
55
71
53
60
41
55
68
56
49
48
49
63
69
49
39
37
40
58
68
55
50
62
37
50
46
58
53
60
45
70
73
38
73
49
60
62
52
45
38
36
51
45
65
48
53
52
45
60
59
54
68
56
72
56
64
43
45
52
43
53
46
48
42
43
43
70
91
107
92
42
34
50
53
43
52
60
62
74
51
41
40
47
57
87
76
50
49
58
57
74
45
