394
193
105
91
100
93
85
122
89
72
76
86
89
114
129
127
89
97
97
127
92
101
118
102
91
78
86
86
91
80
88
92
114
111
83
75
94
107
101
132
80
127
91
97
118
82
115
84
87
108
116
87
83
103
91
112
107
80
72
91
83
92
108
111
117
98
98
94
85
111
101
103
117
93
102
87
74
98
88
100
93
98
76
77
82
88
114
99
102
81
74
102
106
85
105
98
124
91
87
91
80
100
81
81
89
101
75
83
87
91
107
79
114
102
65
108
102
93
115
106
120
93
97
90
76
92
95
76
99
90
88
97
104
77
88
83
114
105
80
86
103
121
74
80
93
91
110
97
86
90
93
87
90
93
115
92
86
98
89
93
62
86
91
69
106
68
119
97
109
89
99
97
82
82
87
92
100
88
107
93
88
106
125
95
75
123
93
95
95
95
112
97
112
121
95
94
92
103
85
100
81
94
106
91
107
77
102
74
99
95
106
97
94
85
99
92
95
97
74
100
103
82
86
91
114
86
101
121
91
103
74
103
77
91
90
118
96
94
82
91
68
68
78
97
109
79
94
112
115
94
117
104
98
105
113
87
87
79
84
88
99
141
101
78
74
81
73
95
87
111
92
107
91
86
97
83
123
96
86
110
108
99
92
84
75
120
139
77
83
83
101
82
83
78
73
103
102
91
79
86
116
58
87
105
67
75
103
79
81
116
92
106
93
86
84
86
92
111
84
102
95
94
111
81
99
93
102
92
65
92
98
83
98
101
88
81
96
110
88
100
96
86
84
108
74
81
121
84
105
89
93
89
92
81
88
96
77
104
74
90
65
98
79
93
108
101
101
117
90
92
110
80
82
93
79
110
74
80
106
114
75
95
80
103
90
109
120
99
96
95
105
95
111
106
117
114
103
77
84
113
156
93
91
83
97
97
96
96
115
71
109
88
83
85
105
82
100
93
76
94
106
70
92
104
127
81
75
101
115
111
122
108
137
114
97
74
85
97
106
129
85
94
93
77
74
82
95
87
91
130
92
80
97
129
93
89
79
95
97
90
88
105
80
73
80
100
76
75
114
95
92
95
89
101
82
109
122
77
81
77
105
79
112
97
118
127
99
101
115
96
123
113
80
92
85
77
84
107
87
104
116
81
101
105
103
73
98
107
92
88
80
76
81
70
84
93
96
77
81
112
94
97
121
84
114
103
106
85
110
98
109
88
109
93
153
99
91
109
96
108
120
111
76
81
90
103
87
89
105
83
125
112
73
107
79
96
90
89
80
99
104
94
106
87
69
109
89
92
107
112
80
99
97
106
99
97
98
63
100
111
104
114
85
118
76
80
97
82
72
69
92
82
90
94
102
103
85
81
98
108
92
103
62
96
108
79
80
97
85
105
89
70
72
110
116
90
143
94
92
99
99
106
93
107
98
129
106
86
105
80
128
102
84
85
85
93
98
108
68
84
80
127
126
98
107
75
83
109
94
106
113
123
87
97
74
111
91
121
81
104
108
97
85
88
122
101
95
105
93
118
85
69
81
74
100
86
95
101
101
114
93
82
82
103
93
93
110
94
105
119
92
94
140
97
78
81
77
103
97
86
87
96
60
91
81
79
91
105
92
79
101
139
107
114
104
105
75
85
90
114
84
116
100
84
98
84
109
100
79
82
95
102
100
98
92
81
101
94
103
96
93
79
94
144
127
96
108
101
99
103
91
88
80
106
117
104
86
106
91
96
91
92
81
104
119
86
87
96
115
91
95
90
116
82
107
84
111
88
100
87
77
84
106
96
98
103
105
84
108
116
87
90
86
91
108
91
101
100
87
89
108
89
113
88
98
102
90
91
100
94
88
77
123
72
98
90
102
96
84
65
139
75
89
99
98
100
89
83
81
139
139
103
121
113
125
77
77
108
98
99
127
113
85
72
78
123
114
96
108
109
97
87
85
93
89
76
115
96
95
68
76
77
89
87
74
73
90
91
118
65
87
79
81
99
90
70
97
111
134
100
98
116
115
121
110
118
76
79
69
76
119
86
89
79
86
85
77
83
103
105
86
112
83
97
86
94
120
95
130
96
103
100
83
84
88
112
104
89
93
97
94
100
84
116
93
72
85
82
100
111
91
87
113
95
93
93
81
102
115
74
86
110
71
110
84
97
90
108
137
110
74
94
79
109
97
87
118
106
101
118
87
99
84
88
101
81
73
81
79
91
109
104
118
96
80
102
98
90
115
92
107
88
69
104
93
110
114
97
103
85
69
80
68
104
99
95
129
140
79
92
346
222
128
111
91
101
110
93
80
79
97
76
80
83
92
127
112
82
102
98
85
92
96
97
98
97
99
92
107
99
107
111
77
84
88
86
98
77
111
104
105
90
86
99
80
100
85
101
91
84
103
142
92
106
109
106
82
104
101
98
104
77
103
120
80
85
118
112
88
91
109
71
88
77
110
109
95
86
99
97
120
100
93
107
83
86
103
105
92
114
78
72
74
90
90
93
87
83
100
100
110
78
92
81
81
109
70
98
101
111
85
82
121
103
95
97
85
84
93
91
68
98
90
104
95
104
105
84
85
99
112
89
94
82
84
85
75
79
102
113
106
117
82
106
108
114
78
86
126
110
108
94
100
87
89
119
81
78
79
86
92
119
94
82
68
93
86
92
64
100
110
73
87
96
97
98
78
102
89
75
114
91
94
109
108
82
93
110
82
97
100
68
71
90
83
95
99
92
84
90
94
110
84
96
95
105
87
82
70
96
89
71
108
83
112
86
96
109
121
94
91
96
123
86
82
110
102
93
107
118
86
98
88
103
109
87
88
94
98
107
106
114
92
76
71
117
105
111
102
101
86
93
89
109
95
119
116
126
96
97
88
134
110
104
128
109
122
66
91
95
113
115
81
79
80
87
94
104
94
110
98
106
80
92
83
102
85
88
88
111
81
78
86
100
90
92
88
96
84
76
108
65
86
89
108
103
132
88
113
93
86
79
101
109
115
93
105
112
86
88
112
105
103
100
104
116
90
81
85
84
100
99
74
79
79
100
79
75
89
94
84
109
78
87
115
96
80
121
96
91
75
99
96
87
100
93
93
117
88
87
84
97
86
117
108
94
101
97
95
118
97
86
85
85
102
87
87
81
123
91
91
90
74
114
91
80
71
77
95
85
89
109
106
112
86
119
133
101
87
96
86
83
128
104
93
90
115
84
73
119
128
112
84
103
107
97
96
80
84
89
84
94
87
96
96
119
111
120
75
103
89
120
91
99
96
105
96
109
88
111
108
115
80
122
134
101
82
78
80
82
82
86
93
127
100
113
95
76
102
131
93
81
110
106
84
83
89
102
94
80
93
95
106
92
117
91
79
94
116
104
82
94
66
113
99
106
97
96
113
84
85
93
108
118
100
119
80
85
112
102
94
101
96
90
91
109
104
90
106
98
102
108
85
78
79
95
103
76
84
107
121
91
76
94
88
94
104
118
94
99
85
91
108
87
86
124
92
92
83
95
88
86
92
95
77
100
109
68
84
98
107
80
91
92
79
113
113
87
100
90
99
83
86
98
85
88
91
110
94
95
97
76
110
111
109
130
66
94
118
119
138
106
75
114
74
96
85
91
92
133
80
75
93
74
83
102
82
82
90
94
123
104
92
97
108
120
91
75
100
88
88
69
86
76
78
88
107
94
99
110
66
81
71
76
102
109
126
87
74
112
107
93
72
78
107
127
112
93
74
77
100
121
87
131
91
107
88
88
77
97
112
88
102
98
105
109
100
73
107
143
75
98
105
94
66
97
112
91
102
108
71
64
83
86
89
88
64
88
82
89
120
103
103
90
87
84
95
92
82
108
99
111
109
108
80
91
104
109
84
74
106
105
103
87
109
104
87
79
85
99
80
87
120
127
79
80
77
115
116
128
87
132
113
113
114
124
103
116
98
97
95
104
106
88
84
65
78
127
91
92
87
93
103
126
130
126
99
133
82
89
83
90
96
88
92
95
98
81
95
78
75
73
93
84
72
89
87
77
90
95
96
86
85
80
96
101
106
87
80
96
73
81
70
84
86
85
90
85
82
104
115
77
108
78
86
80
101
74
109
89
83
65
88
88
97
86
112
80
90
136
99
84
76
88
109
104
109
88
89
113
108
87
137
117
78
82
100
129
93
81
90
87
121
81
108
88
105
85
88
97
94
112
96
108
136
103
76
93
104
112
113
93
92
97
75
101
97
74
105
72
72
106
89
112
78
89
82
111
104
89
86
107
94
118
127
109
92
107
91
99
77
84
94
105
99
89
93
86
101
87
85
103
98
107
105
85
85
79
78
87
77
97
74
145
136
104
95
111
108
109
102
89
76
94
111
106
83
86
87
102
103
78
88
92
92
91
91
96
92
98
93
98
74
89
92
79
121
102
99
76
82
94
90
97
87
91
86
124
108
79
101
99
70
82
86
89
87
83
94
102
102
74
100
88
82
93
93
119
63
69
97
98
90
113
86
103
85
133
95
104
94
78
105
80
95
74
103
100
75
87
66
80
102
118
88
100
88
89
86
116
372
183
128
93
88
90
110
97
66
109
107
91
88
87
80
110
106
94
85
95
86
121
98
77
109
84
110
80
84
99
88
76
89
87
107
80
126
105
82
116
119
88
86
117
118
98
125
103
89
90
82
116
81
105
92
129
95
71
88
99
105
101
82
95
91
96
78
89
87
99
93
109
108
111
89
66
129
118
109
78
111
102
94
99
86
85
92
103
103
86
90
123
128
130
111
87
96
77
93
88
77
94
82
75
76
104
117
78
99
86
127
84
97
102
98
84
111
96
123
69
116
142
125
92
107
98
95
123
93
85
118
92
78
84
109
103
107
98
88
98
98
85
94
97
88
104
86
79
76
92
67
85
105
102
96
67
88
88
93
92
88
89
108
84
85
90
89
112
119
89
70
92
89
92
77
108
88
85
83
86
102
96
89
110
85
84
75
92
87
84
117
81
101
90
100
118
89
83
98
90
105
84
104
101
106
95
81
82
75
95
78
102
109
137
113
93
81
71
103
88
104
86
112
75
110
94
97
68
77
87
89
102
83
88
69
90
107
101
89
92
76
79
94
89
91
109
107
73
103
100
110
85
108
97
126
90
108
109
92
81
87
91
101
95
77
109
96
84
104
75
71
69
80
87
84
99
89
92
86
92
99
80
121
97
103
103
101
92
73
87
99
110
79
99
120
123
89
85
106
92
102
125
105
81
90
71
98
91
89
115
106
111
73
104
117
109
104
68
110
107
98
108
72
97
92
68
90
101
84
88
92
115
90
114
89
82
78
92
86
89
86
97
109
91
124
107
90
101
106
101
96
101
99
106
86
90
94
80
98
97
81
126
114
92
106
126
79
85
87
121
97
91
94
94
105
90
97
103
121
103
96
96
91
93
107
86
106
88
83
80
96
100
118
122
95
77
112
114
85
97
88
103
98
86
70
76
114
84
76
82
124
87
94
65
76
92
79
113
106
116
100
99
113
104
92
78
114
96
82
92
106
69
119
80
82
76
95
76
92
101
84
87
88
93
114
80
98
113
115
105
107
115
106
109
105
116
117
101
76
81
89
110
128
132
122
86
97
127
97
90
70
95
97
100
140
118
83
86
73
113
86
134
125
109
102
95
80
97
91
86
113
95
94
103
104
101
103
102
110
96
105
87
122
125
82
102
100
105
88
152
97
78
99
79
83
101
86
95
113
98
85
98
106
99
84
105
98
83
91
90
88
73
135
127
90
106
105
84
85
80
96
108
84
86
80
94
106
88
90
103
110
97
86
86
72
94
82
98
85
111
114
101
85
126
133
124
101
83
117
71
94
99
98
70
97
91
94
78
96
85
86
77
74
108
100
71
85
94
103
126
103
111
75
93
89
117
111
117
73
71
92
100
82
90
98
107
79
78
88
94
102
75
96
88
89
131
105
80
104
105
94
83
83
107
86
89
99
131
81
92
101
95
122
106
125
116
97
82
90
103
117
92
103
120
90
71
79
121
121
99
106
105
115
103
94
96
81
77
75
102
106
91
120
108
83
105
100
119
98
108
94
102
120
89
78
132
70
83
69
95
96
110
93
91
120
98
73
121
107
88
111
121
139
92
82
94
115
105
74
98
122
127
101
96
84
86
102
107
87
80
83
80
95
108
92
91
99
110
88
88
92
86
95
99
94
108
71
108
89
96
82
109
113
75
111
97
81
86
81
89
72
95
98
89
97
83
101
60
99
78
87
80
98
84
104
83
85
113
129
99
91
105
108
78
121
87
75
110
90
105
94
93
96
96
82
102
90
116
120
112
88
83
91
119
99
125
132
94
105
128
84
91
89
103
97
90
102
97
74
77
109
88
115
114
74
105
91
83
75
104
87
70
87
93
130
84
99
100
111
98
92
79
108
90
81
80
109
94
103
108
88
102
120
110
104
113
132
104
125
81
95
92
103
92
92
76
81
99
87
84
108
95
80
106
93
116
102
118
89
72
80
65
90
105
88
95
83
94
90
75
107
83
102
122
105
78
102
73
95
79
86
89
88
104
112
83
95
70
90
107
70
82
85
83
95
119
92
97
123
101
100
82
75
76
70
89
95
72
103
108
102
95
91
109
93
104
84
95
102
87
95
96
117
114
94
116
125
81
96
89
76
118
71
122
99
85
84
90
119
100
90
93
74
91
83
91
70
84
73
100
95
93
80
93
83
83
101
98
110
92
83
127
115
105
82
79
101
104
93
86
80
105
88
109
113
106
102
95
83
128
98
87
94
108
112
83
121
91
93
113
71
77
106
102
76
83
71
94
115
117
