72
94
60
81
76
95
71
64
79
66
72
86
65
55
88
72
83
120
73
69
58
72
83
61
81
76
77
75
85
72
68
89
57
54
66
72
68
80
63
60
71
100
84
61
65
63
82
80
57
97
75
68
73
84
78
63
80
73
63
86
57
69
84
93
86
66
67
57
62
86
74
61
65
84
61
76
76
74
73
78
82
61
62
59
78
72
61
80
70
73
85
71
87
59
78
66
66
78
108
78
68
63
82
69
83
69
61
71
65
80
80
96
66
85
65
57
54
69
78
51
85
83
92
63
69
89
99
86
85
86
62
59
66
65
68
65
74
82
63
74
120
74
89
102
87
87
69
75
75
90
90
90
97
74
67
80
91
85
68
82
69
75
79
78
84
56
89
70
81
69
59
70
88
69
80
84
61
60
72
77
72
45
68
83
77
89
76
74
54
62
84
84
64
68
58
86
63
93
78
74
62
86
78
78
60
58
72
62
64
90
78
65
80
72
81
106
89
69
96
77
72
55
77
70
96
88
69
87
65
53
70
106
79
82
78
61
54
70
72
84
81
63
63
59
61
75
83
76
57
50
62
69
55
70
60
75
79
88
82
73
59
69
74
66
68
78
86
64
69
87
74
49
95
95
66
58
76
69
75
65
81
74
69
81
75
68
90
80
66
62
87
63
81
76
83
73
97
74
86
83
83
63
74
73
59
55
97
65
72
77
69
66
104
68
77
88
79
94
65
68
75
79
51
104
63
77
70
76
61
91
69
90
54
77
92
68
74
64
82
61
69
99
65
55
72
76
91
63
94
86
85
79
81
85
95
67
78
64
65
66
67
75
58
64
73
66
84
86
66
71
75
69
77
68
52
103
61
91
79
59
79
59
96
62
74
89
62
86
90
81
90
59
81
64
78
91
99
67
91
78
67
75
63
89
78
66
62
78
96
66
57
88
68
97
67
92
72
59
76
89
67
76
84
65
64
61
61
72
47
51
98
65
79
82
68
69
91
65
73
54
80
89
80
87
63
76
76
62
83
67
57
74
65
60
61
69
84
72
60
65
62
79
66
79
76
71
68
62
83
72
69
73
75
64
80
80
73
90
90
85
71
74
89
59
70
80
81
79
67
70
72
66
71
67
80
92
84
70
92
78
72
83
94
56
73
75
63
65
73
60
67
84
64
59
68
64
88
56
74
60
66
74
81
70
63
67
78
96
112
55
78
63
70
72
86
71
91
101
60
62
92
59
80
64
72
72
77
83
64
83
73
69
65
62
63
67
62
86
65
59
71
82
80
80
74
83
79
61
78
68
81
77
88
84
70
88
64
73
63
94
90
68
56
84
73
109
77
66
75
60
77
68
66
91
76
78
77
95
59
71
62
76
87
76
81
59
71
66
96
60
70
81
79
58
77
105
100
71
71
63
64
49
68
88
62
80
75
76
69
82
90
73
59
74
70
62
82
67
75
89
75
82
63
67
73
64
68
88
75
69
75
66
64
81
72
65
69
78
80
74
78
80
98
85
92
68
91
79
71
92
79
69
77
64
89
74
67
76
73
86
73
69
64
62
59
72
90
63
81
90
62
87
73
96
82
73
77
71
83
80
61
86
112
72
76
75
94
72
60
76
65
66
60
69
66
79
66
61
87
59
71
63
87
76
66
65
77
72
69
68
82
58
70
73
83
61
66
65
55
84
77
68
66
71
74
70
70
85
88
56
54
73
86
55
63
79
64
61
71
82
68
67
63
67
75
75
94
57
75
64
51
93
72
70
65
65
56
85
73
60
92
93
83
72
94
88
85
77
80
75
59
62
76
98
96
85
73
95
90
66
70
73
94
69
96
85
83
62
71
64
90
77
63
89
53
69
73
68
69
86
65
78
80
78
70
56
79
54
74
67
102
81
81
53
67
61
74
85
67
89
63
64
61
69
98
71
69
78
73
79
73
85
104
75
65
80
90
63
80
82
70
81
77
68
81
72
61
88
69
68
78
81
67
68
77
65
100
67
70
109
76
71
88
56
60
72
94
73
55
98
93
81
64
62
71
80
74
65
70
76
63
84
93
73
62
62
103
86
67
90
78
74
74
73
77
69
87
89
71
76
55
93
84
73
84
72
62
95
61
87
73
70
104
85
90
62
63
74
80
62
75
77
63
58
87
98
70
73
71
76
65
87
57
69
70
81
70
68
75
71
85
75
71
77
51
70
73
71
69
85
65
70
83
67
82
60
65
57
67
66
57
102
57
64
77
61
68
98
62
86
95
80
84
86
91
72
78
60
70
81
54
71
66
69
64
104
69
65
68
67
63
62
65
74
54
76
68
89
55
79
72
68
56
74
82
60
72
93
81
70
80
62
86
94
73
68
74
53
50
62
79
73
59
67
71
85
87
80
79
65
63
78
67
63
69
59
75
77
61
62
65
78
89
53
64
57
80
71
49
67
62
70
94
86
88
65
59
84
67
55
75
87
81
75
71
61
54
102
65
76
65
73
66
63
69
83
68
76
70
61
77
65
60
62
84
68
80
79
67
67
64
52
71
82
78
78
87
70
65
76
76
59
60
88
66
96
68
68
50
90
94
74
79
69
70
61
65
61
68
87
77
71
88
75
73
69
70
63
82
63
54
95
63
84
71
84
81
55
78
93
75
85
73
92
70
68
74
70
74
63
70
77
70
59
95
90
70
63
69
69
65
59
72
64
67
66
79
69
82
69
61
65
72
68
55
106
66
72
72
74
95
73
57
71
80
84
72
80
75
56
60
86
92
68
65
77
76
69
59
75
60
75
73
75
61
61
64
78
91
65
78
74
73
66
66
56
68
86
71
71
67
58
100
76
69
64
58
86
71
62
71
79
69
61
94
63
91
73
92
63
59
92
72
70
77
82
77
61
57
70
82
59
86
64
97
90
84
72
84
72
75
92
91
71
79
94
67
71
69
74
83
62
55
71
94
79
70
83
74
64
75
86
69
80
101
57
64
79
82
95
77
90
84
55
73
74
86
72
75
75
62
81
74
88
76
72
79
58
76
87
67
91
62
83
99
66
58
60
89
62
72
67
70
72
82
71
66
78
71
99
60
86
68
81
71
63
72
81
57
64
74
50
60
79
64
81
81
65
69
82
65
79
69
87
76
82
85
72
61
81
94
62
71
83
75
109
76
74
60
65
76
67
70
75
68
70
90
73
80
70
86
74
63
73
94
70
58
74
65
80
83
68
62
69
68
81
91
56
74
58
87
68
52
78
63
75
96
71
65
93
67
81
68
63
80
87
73
77
105
71
81
79
99
62
80
61
68
67
63
59
69
86
86
68
87
97
78
71
75
82
71
82
60
88
78
66
87
80
80
76
66
66
87
78
102
76
56
63
69
96
63
74
78
55
57
70
102
92
54
70
61
90
76
66
68
74
66
63
62
71
76
83
95
96
58
68
83
87
53
83
59
76
69
55
61
103
69
70
80
65
67
84
68
72
78
92
60
74
68
74
58
59
74
72
66
83
74
70
63
75
93
76
101
83
69
53
65
74
81
79
72
84
71
78
66
62
76
79
64
91
86
71
75
65
71
79
80
76
90
66
86
70
79
74
67
63
87
65
67
71
85
61
66
67
66
99
77
64
60
117
73
74
61
78
92
66
88
69
89
65
73
64
55
66
50
86
85
79
62
52
70
86
81
75
80
93
61
73
55
56
70
49
65
74
60
90
69
71
65
73
83
63
71
63
83
66
85
88
56
62
71
100
75
76
97
74
84
85
49
66
92
59
71
57
78
69
68
77
69
70
60
91
64
69
93
94
85
86
83
71
68
90
73
80
74
64
71
60
67
73
85
73
90
73
81
89
78
81
96
91
85
64
88
68
71
96
69
78
101
78
57
73
73
83
51
69
75
66
71
81
64
74
65
56
73
60
84
87
93
65
81
56
75
94
61
69
89
66
72
99
69
94
74
75
65
62
76
66
68
91
76
74
82
91
75
67
54
69
77
89
64
110
71
60
73
73
71
65
77
87
66
82
79
80
64
78
69
69
64
61
75
63
76
86
66
96
77
72
59
74
82
57
70
58
102
62
62
85
73
88
72
66
84
68
83
74
89
56
86
62
78
74
79
61
72
68
66
52
67
73
70
61
67
75
74
66
75
75
66
81
96
73
67
74
60
65
68
80
71
72
56
71
93
68
84
71
109
66
71
90
67
76
66
106
62
68
76
59
67
99
76
77
77
64
64
73
84
58
63
96
110
71
69
96
72
59
71
69
91
80
81
88
75
93
70
74
70
61
65
68
93
97
87
73
79
79
56
78
69
50
67
65
74
84
73
51
68
71
76
69
74
77
67
71
72
88
63
76
50
80
62
82
83
67
67
68
93
84
94
67
83
61
67
84
113
90
58
61
71
86
97
94
77
78
81
96
66
66
80
82
71
66
68
57
71
53
73
64
78
74
82
69
76
100
85
86
103
84
91
66
85
79
70
70
73
63
66
84
86
98
59
78
78
54
74
89
90
69
80
87
63
73
80
87
84
105
71
67
67
65
60
83
67
114
61
63
63
74
71
56
