684
630
568
514
490
476
443
425
399
363
349
333
317
322
308
304
276
268
256
240
220
212
195
191
191
175
186
182
177
155
157
162
154
155
136
126
122
114
128
116
121
133
131
150
115
117
117
115
139
138
141
130
117
118
116
117
112
101
97
86
99
109
91
115
89
99
127
105
95
107
87
95
89
86
99
110
95
75
84
88
107
101
95
97
89
89
79
77
86
95
94
86
81
77
87
86
91
106
106
107
97
98
110
87
90
100
89
101
106
100
87
72
85
96
86
96
88
93
98
97
88
95
92
92
89
87
110
94
95
93
89
99
88
95
94
90
100
106
90
98
117
114
118
118
110
106
102
100
113
94
82
94
104
94
99
83
91
92
91
88
94
79
77
71
84
79
76
88
96
88
79
89
98
93
83
79
87
82
85
105
96
75
77
83
89
83
89
103
101
96
98
106
95
78
73
90
84
82
84
98
106
102
95
101
80
83
87
87
63
74
79
88
102
84
86
93
103
97
114
110
99
91
81
82
84
88
94
90
92
90
102
111
133
128
125
114
98
90
86
95
69
69
66
83
95
94
96
78
89
105
119
119
136
139
133
133
125
103
99
85
83
77
89
90
79
76
102
114
126
114
93
95
91
92
85
78
61
69
67
63
65
53
62
82
70
69
80
104
115
117
109
123
105
90
90
92
88
78
89
76
690
645
595
550
526
508
476
472
449
421
389
369
343
317
296
278
269
254
251
239
226
190
171
153
151
142
142
128
129
126
116
102
106
102
98
99
86
91
92
103
102
108
112
115
107
107
91
95
96
88
94
103
103
91
87
108
102
98
109
110
88
85
80
79
101
119
110
107
107
107
113
114
115
116
102
91
121
101
106
108
105
102
105
96
82
93
87
95
112
108
108
119
108
98
96
69
81
83
79
82
83
98
86
76
82
88
94
85
85
82
74
76
75
71
67
88
86
98
110
117
112
99
99
101
91
92
104
95
105
99
105
106
104
102
93
85
95
83
89
88
89
102
99
88
87
83
100
97
103
106
91
85
96
87
87
79
83
79
86
74
74
92
90
88
75
75
85
79
76
77
89
93
104
101
98
92
113
111
117
121
107
111
120
132
133
112
99
104
113
103
100
91
98
91
94
87
97
79
82
98
102
96
89
95
86
99
97
86
78
91
90
84
85
86
82
109
115
131
119
119
109
92
101
115
113
112
109
82
90
84
92
109
103
107
108
110
106
107
83
91
85
91
82
89
93
106
99
88
96
98
94
86
77
89
96
115
122
135
135
130
118
120
124
102
97
106
98
99
103
85
89
100
84
89
88
88
102
94
88
90
90
73
76
71
79
78
84
86
91
91
71
80
84
77
71
87
91
69
95
107
102
106
86
85
90
91
101
77
93
87
103
115
104
97
87
99
96
108
98
108
102
112
86
99
88
102
106
107
92
112
108
113
114
112
108
105
102
102
100
109
88
88
86
80
94
98
89
99
96
101
96
97
100
112
100
88
82
82
92
93
80
91
92
90
102
101
104
105
99
89
93
81
82
93
103
106
120
113
97
90
88
72
68
82
73
62
74
88
80
86
93
87
78
91
110
113
111
103
106
112
678
596
544
518
470
427
419
399
379
353
335
333
323
299
286
268
246
226
208
196
185
157
171
181
186
176
181
181
165
151
155
145
138
132
119
103
104
108
113
111
119
118
98
80
92
84
91
82
53
67
78
83
72
75
81
72
69
77
100
79
82
71
83
87
86
95
105
99
107
110
118
122
118
110
121
113
116
111
102
98
101
92
99
90
83
99
97
109
101
108
107
111
109
106
108
108
108
107
116
120
115
121
113
106
111
120
108
104
100
97
85
91
96
87
87
80
92
90
75
66
78
67
80
90
99
114
108
77
77
94
96
72
76
95
85
77
79
80
96
87
93
92
71
81
81
74
91
79
77
77
77
84
102
98
113
117
112
106
105
105
107
97
97
97
105
93
90
77
81
86
85
80
78
74
76
100
77
86
71
74
80
79
83
85
99
84
86
77
73
84
82
92
90
100
93
84
84
80
86
90
708
630
602
565
531
505
475
417
403
395
378
374
351
337
329
307
287
263
255
225
213
203
180
176
150
148
133
141
129
98
88
99
100
118
108
108
94
113
116
104
99
99
101
97
108
115
110
101
122
99
107
104
92
101
99
102
86
82
75
87
73
82
70
103
105
98
96
88
82
89
81
87
90
100
109
105
103
98
105
108
115
121
121
111
93
105
111
121
111
95
95
85
67
76
79
72
87
89
78
76
84
87
95
95
90
83
75
63
70
86
91
101
107
116
112
95
94
102
110
112
110
123
127
100
93
87
88
92
93
91
95
95
107
91
95
89
99
96
106
105
85
94
96
104
104
123
127
133
122
128
130
123
131
117
125
139
122
106
102
109
84
73
74
79
80
79
90
92
84
83
75
77
67
61
72
76
96
102
118
124
100
98
104
96
100
100
100
78
94
78
86
91
100
114
120
130
107
109
112
112
708
608
576
536
499
487
463
421
411
389
367
345
343
341
319
313
283
255
251
254
234
224
216
213
191
186
188
188
170
150
144
150
146
157
121
123
105
107
119
125
122
116
110
115
109
109
99
72
58
60
66
59
58
78
77
71
75
74
97
89
66
74
75
84
78
91
80
96
90
77
90
76
97
87
79
92
91
101
103
84
92
90
86
97
98
102
100
96
100
112
103
99
83
82
76
79
85
83
101
91
725
647
599
559
511
478
446
424
379
353
307
297
284
272
267
253
245
229
190
194
189
197
199
157
127
143
133
111
108
94
95
89
93
101
98
93
86
85
80
90
102
112
113
111
110
104
100
100
97
94
98
97
103
97
98
89
93
86
100
112
94
100
108
82
85
91
100
110
112
102
104
113
113
99
102
83
79
84
100
86
94
81
86
92
97
108
103
107
93
89
99
97
96
107
97
113
110
127
121
122
101
96
100
106
110
99
99
98
81
95
91
84
90
90
94
77
83
71
70
76
88
98
101
113
109
124
134
134
130
133
143
135
131
128
124
111
109
112
87
95
97
90
76
77
88
88
104
106
100
98
102
110
113
101
94
89
90
116
96
97
90
97
78
101
97
95
95
87
97
117
103
89
86
81
95
94
94
90
96
103
89
105
81
98
92
91
97
93
87
78
77
74
75
109
101
97
105
97
104
110
112
108
108
113
104
83
93
85
90
97
108
110
112
112
106
105
87
98
98
86
80
81
86
99
91
95
96
93
85
85
77
89
91
85
105
107
103
107
103
93
88
83
77
90
84
87
86
90
98
102
99
101
97
93
93
102
96
115
129
127
121
118
117
110
104
101
107
109
121
125
115
114
104
108
103
99
109
101
94
102
102
103
127
110
119
117
123
109
104
81
69
64
76
108
122
126
119
104
98
89
105
100
101
103
100
96
75
71
75
77
89
97
91
92
105
97
114
114
112
108
110
111
117
127
139
139
129
116
113
115
120
117
118
98
96
95
79
89
95
99
90
88
74
90
89
93
91
98
102
93
99
79
73
77
92
98
89
89
94
84
90
106
101
96
76
66
81
72
85
114
111
111
107
84
82
88
76
91
81
89
102
91
101
104
97
121
116
115
103
100
112
130
120
98
83
109
93
86
90
92
83
88
104
92
92
109
87
105
86
103
105
108
93
115
93
106
104
109
97
97
95
86
100
109
86
92
106
104
104
90
105
97
116
114
97
93
91
97
105
97
94
103
96
112
118
96
87
89
86
65
77
78
78
81
86
90
92
83
87
92
76
89
91
87
98
89
82
81
84
83
73
84
77
74
93
97
102
101
105
111
96
85
84
82
93
105
88
82
83
85
86
92
89
86
83
85
89
96
94
75
84
101
103
113
96
85
74
84
80
84
78
76
82
100
86
88
92
99
92
113
106
91
97
100
98
115
133
135
133
113
112
108
95
94
95
95
104
111
111
127
121
117
109
104
94
112
113
103
104
101
116
114
114
116
96
103
99
109
92
101
88
84
94
87
79
91
78
99
93
100
104
103
94
94
108
105
101
91
103
84
79
98
110
104
91
91
105
111
115
89
87
87
87
87
101
95
85
86
83
77
718
660
592
546
522
486
460
426
418
394
374
350
343
337
317
291
287
283
262
259
241
231
215
225
214
212
202
181
169
169
159
153
141
129
133
118
105
117
114
107
107
100
96
99
93
104
106
100
93
96
95
93
103
89
89
111
117
109
109
103
110
107
89
114
115
109
104
112
125
114
116
114
99
97
103
83
84
112
104
105
119
129
129
132
116
106
108
96
82
116
112
104
107
87
91
90
100
94
111
112
99
92
98
103
113
121
103
95
98
94
99
87
89
92
95
83
79
81
89
84
92
91
89
79
81
87
97
86
107
94
85
86
91
83
91
109
111
103
114
92
77
90
86
85
93
81
90
81
79
77
86
91
81
81
96
105
133
127
123
113
102
100
100
107
108
104
98
90
81
90
92
83
80
90
96
102
96
93
95
83
83
90
77
97
95
98
102
87
78
83
97
85
85
109
89
84
80
72
85
84
