418
419
421
436
417
406
415
415
422
434
414
411
417
418
410
410
413
418
404
421
420
425
413
414
394
412
439
416
425
396
415
425
410
422
425
401
416
407
412
418
409
409
427
414
393
431
402
424
411
416
418
414
421
409
399
436
412
417
414
425
408
404
426
401
397
409
420
410
407
426
418
430
388
424
414
411
415
429
410
436
407
419
427
407
401
402
427
418
415
421
425
411
421
422
409
429
435
410
413
425
424
416
414
419
395
411
414
413
414
407
418
418
409
410
417
424
414
400
412
427
424
416
403
411
415
412
416
406
421
420
402
429
405
418
409
409
415
420
404
413
414
417
406
423
417
403
429
423
424
425
418
421
417
426
420
423
419
413
430
422
412
404
402
413
421
424
426
413
404
416
401
419
427
407
413
418
407
424
416
420
439
433
424
406
418
401
415
413
411
430
426
414
417
429
431
416
415
421
418
419
419
393
429
405
424
421
421
431
409
402
407
410
419
404
433
413
411
415
407
410
414
423
412
412
411
420
422
432
401
418
419
413
417
428
415
428
409
418
409
411
405
401
407
410
431
413
428
408
407
408
433
417
419
415
430
418
421
411
408
433
412
410
402
410
424
423
418
420
433
412
415
414
406
427
397
423
413
414
422
412
425
411
409
412
414
424
417
402
404
423
423
405
421
412
407
430
425
418
418
407
401
405
422
413
399
421
396
401
422
396
416
413
416
407
405
414
423
411
420
423
417
423
424
408
419
404
422
414
415
406
412
414
424
419
425
419
434
412
417
407
412
394
401
442
423
430
437
405
414
409
417
404
403
409
421
417
398
421
411
416
429
421
415
412
408
414
415
407
410
421
417
416
421
412
429
421
414
432
416
417
424
406
424
415
411
396
412
423
420
427
418
404
431
422
427
405
416
427
415
408
421
411
419
428
419
425
422
415
423
402
417
413
420
409
401
406
407
415
401
420
411
412
417
408
434
419
408
419
408
404
399
416
409
415
423
419
421
422
414
394
401
424
411
406
406
414
418
404
418
413
409
412
423
408
414
409
402
424
432
409
421
419
423
423
391
420
416
437
420
424
426
419
397
423
414
419
412
428
416
430
411
399
423
417
403
435
403
407
419
407
422
421
394
420
415
408
429
410
420
423
399
395
402
414
409
419
428
412
423
416
404
387
407
408
411
416
423
414
411
416
410
415
427
420
418
439
420
411
410
407
404
415
405
420
404
407
411
416
418
402
417
415
403
412
414
423
419
401
418
423
421
414
417
408
413
410
407
405
424
410
409
410
423
418
409
421
410
435
416
412
427
428
414
400
410
407
402
426
421
399
422
428
404
397
411
425
425
412
425
419
411
416
414
406
417
431
410
425
413
423
398
418
411
432
413
412
421
415
417
405
414
404
443
423
410
415
413
403
399
414
412
396
411
422
421
419
400
427
415
416
417
427
395
426
410
404
416
414
410
415
404
414
425
398
412
409
425
427
418
405
421
418
417
403
412
425
405
419
406
411
412
395
413
424
410
426
425
425
407
410
405
423
412
420
420
404
415
422
408
428
421
404
414
419
424
422
418
422
411
417
413
413
420
417
416
411
422
417
411
408
423
406
405
401
409
407
404
419
405
410
399
414
414
402
404
422
400
418
407
420
420
413
426
410
424
412
415
393
422
412
425
414
418
385
400
429
418
420
416
429
419
412
415
426
413
421
409
415
411
423
432
412
406
419
432
414
396
396
411
409
414
428
412
426
405
403
429
403
429
416
410
413
416
421
419
412
422
409
420
414
435
403
424
417
419
415
414
414
419
406
412
407
423
421
421
405
421
418
421
411
417
410
414
416
414
425
416
425
418
426
423
418
409
431
408
406
402
428
417
408
417
424
409
421
425
408
384
408
416
422
416
407
402
414
414
418
424
395
417
413
442
423
420
417
406
434
428
419
385
401
414
410
406
438
439
417
412
417
408
430
434
418
399
433
408
408
426
405
401
401
409
410
421
414
406
420
410
421
403
422
420
399
420
417
416
425
422
423
418
417
419
415
419
403
433
415
402
424
416
425
419
407
415
412
425
406
417
410
407
410
416
405
429
403
406
413
418
420
418
426
418
404
410
405
416
413
412
428
417
421
426
424
419
396
411
410
415
416
406
419
418
414
414
412
431
426
411
424
430
400
415
424
415
411
430
411
403
418
419
413
420
398
408
423
424
413
412
421
426
421
415
418
404
413
403
412
413
406
417
426
408
411
418
413
412
429
423
420
414
414
427
416
401
396
392
417
438
414
421
421
