74
75
58
54
57
69
68
62
72
62
65
60
59
57
57
47
54
63
65
52
59
67
78
101
116
54
64
66
64
98
91
88
59
72
56
74
56
62
62
47
62
78
88
61
80
76
48
72
89
71
63
63
69
40
96
71
57
80
74
88
71
65
55
54
69
90
95
69
81
53
84
58
48
55
85
80
79
54
60
50
56
65
110
53
82
72
64
65
58
72
55
73
75
56
61
71
58
80
70
79
72
60
71
64
67
59
83
65
70
67
82
54
73
76
61
55
62
70
63
54
67
90
64
101
93
81
66
88
75
79
85
86
49
68
78
104
47
68
82
50
52
78
51
64
85
103
117
109
73
76
79
72
71
77
101
100
71
67
60
66
52
64
76
84
100
98
124
86
94
73
70
68
94
88
93
47
65
92
72
52
54
52
73
55
79
90
113
104
65
123
68
73
83
45
83
75
84
60
65
70
65
75
97
70
53
67
46
81
72
91
98
93
58
72
73
77
55
51
55
53
67
49
80
69
84
65
55
52
95
78
71
96
90
68
60
55
69
93
67
44
69
62
53
68
38
82
81
58
70
90
81
63
64
70
59
89
121
81
51
89
98
100
70
67
64
76
94
62
92
75
69
51
67
48
68
71
79
98
72
64
57
111
104
48
62
61
64
62
110
74
73
60
53
53
73
58
69
54
82
59
68
74
69
84
109
56
78
76
92
97
73
86
83
59
76
52
52
96
102
68
92
91
74
79
94
123
91
72
71
82
78
92
54
48
65
57
51
84
65
79
104
104
68
40
53
49
84
85
56
53
77
64
65
73
77
104
65
69
64
77
76
61
79
71
68
69
82
51
70
50
80
62
49
65
52
47
70
59
77
76
73
62
61
78
66
95
158
121
102
79
78
91
85
60
81
55
84
86
84
76
72
55
72
91
91
99
72
103
60
76
73
69
66
69
85
98
95
82
82
87
53
66
79
61
64
64
74
76
76
70
78
45
106
70
64
54
80
58
51
61
85
66
67
58
51
65
62
67
48
59
86
86
98
66
71
57
71
47
80
77
64
90
66
115
77
55
57
48
55
96
95
63
75
66
78
67
64
115
48
68
65
62
63
77
92
84
55
53
86
72
109
103
99
104
94
82
71
87
110
64
65
58
51
56
61
71
49
85
86
80
60
54
70
59
102
88
64
59
76
91
59
57
84
73
81
65
80
79
51
85
82
100
80
56
52
84
48
49
56
51
68
74
73
60
54
59
87
87
67
51
90
72
80
64
45
68
73
109
86
77
70
78
80
100
82
66
65
95
57
88
96
72
73
63
60
62
71
76
102
81
91
78
57
77
60
77
71
81
69
58
69
82
49
71
70
65
76
49
41
52
88
74
80
118
99
97
78
55
48
72
52
59
47
77
90
106
78
46
90
97
67
101
97
95
89
111
59
56
94
82
59
46
76
73
71
83
79
58
93
78
89
96
90
67
69
85
74
88
73
76
81
87
84
128
99
62
62
89
73
60
83
60
57
85
61
87
94
81
93
63
63
86
71
62
60
82
77
57
67
70
87
70
90
55
91
76
77
55
74
103
54
73
66
78
59
71
75
56
78
84
62
62
42
55
72
71
81
58
76
61
88
83
77
52
71
62
89
76
92
68
73
51
65
61
69
61
73
74
74
91
50
44
54
48
99
66
58
88
78
62
64
69
70
82
100
79
92
62
71
73
53
57
90
73
85
75
84
111
73
105
103
86
67
70
65
55
62
47
75
85
46
66
71
106
61
63
68
45
65
54
56
62
61
72
78
64
58
39
49
66
72
80
62
77
76
85
46
59
57
73
78
75
54
60
63
54
59
69
88
70
50
45
64
67
64
61
67
66
92
73
68
62
80
49
51
71
85
105
89
68
70
67
77
50
72
60
55
93
81
114
85
57
51
57
73
61
77
79
59
64
109
67
52
65
46
71
75
62
69
53
71
51
65
56
53
106
71
62
98
66
123
87
108
118
73
62
71
75
100
62
81
64
60
69
45
50
40
56
69
75
90
65
85
69
55
54
101
54
60
74
50
76
58
103
77
67
76
91
95
75
69
76
62
73
80
106
90
85
82
71
76
74
58
74
64
98
63
71
91
78
75
63
112
80
106
112
59
85
74
65
59
51
74
78
86
68
63
93
67
51
73
66
53
60
64
62
58
79
108
98
101
108
81
80
66
64
76
57
80
52
46
43
62
75
55
69
84
56
60
65
87
94
62
81
70
76
57
99
83
62
62
85
97
95
80
48
37
52
55
73
