264
301
338
356
361
362
379
371
377
391
399
403
409
407
405
410
411
419
421
422
433
433
422
416
421
413
415
427
417
408
403
402
403
400
421
425
421
421
404
417
417
418
421
415
415
413
413
415
410
416
420
420
429
422
420
437
424
430
418
415
425
420
413
408
398
416
421
417
417
421
407
418
418
417
421
412
400
399
397
395
397
412
411
422
427
432
425
429
426
434
427
406
419
422
432
424
422
400
417
409
410
426
420
428
419
420
437
427
430
428
415
410
414
419
401
406
408
410
417
414
410
406
390
408
421
413
415
414
422
427
410
416
422
417
414
421
406
413
411
411
407
408
410
418
413
422
405
392
390
397
402
397
397
415
406
418
417
421
415
410
409
405
402
420
423
426
429
431
421
427
420
423
408
408
409
404
410
407
407
407
412
419
418
410
405
424
422
424
420
418
417
412
425
415
402
402
403
399
410
412
410
422
430
423
427
431
435
416
432
425
415
409
434
428
410
409
412
414
419
422
410
407
408
405
399
407
417
418
398
402
397
409
415
419
408
407
408
421
416
413
413
418
415
406
406
416
426
422
424
432
427
426
422
414
419
421
416
414
410
421
414
410
416
416
425
426
433
426
426
415
414
418
411
415
423
414
422
432
433
424
417
430
434
434
421
410
422
420
410
425
413
410
413
407
405
421
427
429
429
415
251
283
308
336
345
355
370
374
378
382
393
397
402
398
402
408
397
398
409
422
423
420
430
435
413
410
421
414
413
416
412
421
422
423
416
428
425
427
416
406
419
426
426
406
397
395
405
406
412
410
415
420
424
425
413
408
411
403
415
399
400
396
405
389
388
396
396
398
400
395
408
408
410
403
407
414
408
406
414
413
418
411
407
411
414
405
406
411
394
406
411
418
414
416
413
407
409
406
407
406
400
407
414
420
422
413
413
413
422
419
413
413
411
429
425
423
430
421
424
407
409
413
415
415
413
411
409
408
411
417
422
410
406
411
413
417
423
417
421
415
412
413
417
416
412
413
409
403
401
408
414
425
421
414
416
418
415
416
421
418
414
422
417
418
407
409
418
416
405
400
393
401
407
407
403
407
406
419
416
425
428
420
426
410
411
411
421
422
400
399
395
396
406
421
419
427
415
428
412
410
403
404
417
409
421
418
433
423
419
426
419
434
439
432
430
414
406
393
406
396
396
402
407
412
413
399
392
410
406
413
419
423
412
410
405
388
412
398
406
411
419
410
424
418
408
413
415
411
422
416
418
418
424
423
414
415
409
426
421
428
421
408
394
407
412
404
414
411
414
422
420
423
420
399
393
401
407
416
417
408
411
410
418
412
425
422
414
403
404
400
416
409
414
407
407
403
414
412
399
408
416
411
407
406
408
420
414
399
406
402
404
424
422
423
420
428
423
413
410
428
402
411
405
420
415
427
420
426
427
414
419
430
426
416
409
422
419
429
419
417
425
432
417
421
423
416
429
417
412
412
419
412
425
423
414
404
400
407
412
414
419
425
409
409
404
417
418
427
424
425
418
425
423
420
418
411
416
418
425
414
412
414
436
425
407
419
412
405
408
409
415
410
408
412
410
410
421
418
412
411
262
313
348
353
364
373
383
382
392
399
402
404
406
404
402
405
418
418
411
412
417
415
425
416
404
400
406
409
416
426
420
416
420
413
409
423
419
417
416
415
408
406
413
414
415
417
421
427
420
422
408
415
429
427
422
416
423
411
393
399
406
408
405
402
410
395
396
408
414
413
415
424
424
417
412
412
409
411
412
419
415
410
406
426
426
407
402
400
412
401
392
404
408
421
419
418
420
422
411
426
431
423
420
423
414
419
414
421
415
419
420
408
411
419
423
433
435
427
415
413
412
409
413
412
416
415
418
427
426
428
424
428
430
426
429
414
405
396
411
410
412
409
418
416
423
423
412
398
425
418
415
418
421
415
432
437
430
419
441
423
412
414
414
410
417
416
416
415
415
404
397
402
408
410
401
408
424
427
427
423
409
421
421
429
420
417
417
424
426
438
433
442
437
421
420
421
407
408
411
420
255
302
316
341
355
361
372
398
396
394
403
399
400
407
403
409
402
406
409
416
419
420
417
409
416
426
430
436
435
414
402
402
406
401
412
405
412
416
418
425
422
428
424
422
412
426
415
421
418
423
430
425
423
418
425
414
417
413
417
423
418
431
424
407
412
422
428
414
426
437
448
424
425
412
410
411
411
409
417
416
410
403
414
407
421
416
418
416
422
427
429
432
426
417
419
416
428
428
429
432
424
426
420
417
414
420
429
413
427
424
420
423
428
420
424
408
422
404
402
404
404
416
406
411
403
406
426
414
410
406
414
421
413
413
414
419
409
411
411
423
417
422
428
422
427
412
406
408
402
413
413
413
410
403
405
408
415
426
426
414
419
428
435
423
424
425
422
419
421
421
413
391
392
399
415
408
411
405
399
402
404
407
399
403
408
404
407
406
419
428
427
420
420
420
407
411
418
414
410
405
248
307
328
350
360
365
380
390
394
380
385
395
394
394
403
407
409
413
413
417
430
422
424
419
419
424
425
408
405
417
430
431
427
419
432
429
422
423
430
424
418
422
410
412
411
425
420
417
426
416
416
425
421
425
422
430
420
423
410
405
406
414
411
413
402
412
411
413
413
416
415
405
398
400
408
407
419
429
418
416
414
410
405
402
400
404
409
419
430
422
419
411
423
416
421
426
428
420
412
411
235
292
321
340
349
360
373
381
398
401
415
418
414
416
427
430
422
424
406
418
409
408
413
428
430
420
425
450
444
438
437
427
424
421
424
417
419
426
433
441
429
424
414
418
416
411
406
398
396
408
404
410
406
407
409
407
411
412
411
412
416
402
404
409
412
417
423
416
415
407
417
415
413
414
403
411
427
408
407
415
409
430
419
422
423
410
409
402
411
420
406
430
429
425
424
406
409
414
405
412
426
428
417
416
412
410
418
424
421
419
411
416
415
426
419
404
408
403
421
420
403
413
417
420
410
419
417
406
409
404
407
394
405
412
409
425
427
423
415
419
407
415
427
422
418
427
422
422
421
422
434
428
411
423
415
427
416
413
405
414
418
415
422
412
402
404
418
414
417
417
410
411
406
403
398
395
398
406
410
407
399
418
406
413
410
405
401
407
425
407
410
396
412
407
402
410
406
418
417
422
413
421
407
415
409
400
397
418
423
423
418
411
409
417
411
413
411
403
394
408
419
416
424
412
411
406
407
411
411
427
423
411
419
409
406
406
405
401
406
417
417
401
411
413
426
425
433
425
415
423
415
422
423
415
414
410
410
404
411
413
413
410
420
423
428
425
425
404
400
396
401
410
416
418
423
424
421
418
420
425
430
423
415
413
409
409
402
412
417
407
401
414
411
402
399
406
407
412
421
428
424
420
431
423
413
417
420
426
417
426
415
408
407
416
416
427
412
410
413
408
417
418
429
420
415
410
412
397
410
402
401
408
420
417
406
415
427
420
410
396
415
415
422
405
397
405
413
409
404
408
402
418
420
424
421
414
420
404
414
424
413
420
420
418
411
402
419
429
427
426
422
422
418
424
427
421
422
415
415
420
426
427
427
433
429
418
423
413
412
430
428
434
430
425
431
431
428
419
405
415
420
413
423
416
424
420
420
420
411
416
416
410
417
411
412
415
409
416
420
416
412
416
408
408
401
399
411
415
409
405
401
399
395
410
406
419
421
415
426
426
419
409
401
400
418
420
432
433
438
443
420
420
417
416
412
425
421
419
414
422
418
424
411
409
418
426
428
419
430
419
413
415
404
422
404
403
397
397
401
396
404
410
416
423
411
416
421
424
423
430
439
429
410
412
418
423
417
418
415
421
427
423
416
412
413
405
410
415
421
413
425
425
425
410
406
410
415
420
426
422
434
423
410
410
412
415
414
420
419
423
424
411
424
407
405
418
416
411
409
399
398
394
398
408
405
397
386
392
399
404
412
415
420
417
409
411
416
414
417
408
413
417
404
401
409
405
402
411
412
418
421
435
430
417
415
426
434
436
428
427
441
437
423
421
414
420
417
417
426
431
420
414
408
418
426
421
415
413
416
414
256
295
331
353
364
368
380
393
388
390
401
403
404
404
406
414
420
422
428
414
412
406
397
396
406
406
412
416
418
405
404
402
405
406
408
422
422
429
417
422
425
435
438
432
426
427
425
428
421
418
418
412
409
417
418
410
415
414
415
421
411
408
416
424
414
413
415
431
427
429
424
423
417
413
405
404
407
397
395
389
389
397
394
389
398
406
401
408
414
417
416
409
410
418
423
421
430
424
420
419
417
417
416
420
430
429
435
432
432
420
406
403
414
421
421
414
421
400
411
398
405
406
404
409
415
408
407
409
427
420
414
429
414
419
421
411
415
425
424
415
410
416
419
428
430
427
426
422
425
422
416
409
416
429
436
429
420
413
414
417
413
424
425
427
423
426
416
420
424
434
423
419
423
418
422
414
415
408
410
421
415
413
414
415
424
416
405
411
415
408
421
425
422
408
422
420
418
422
411
412
