487
489
503
498
500
501
494
493
476
490
505
481
502
504
523
516
515
508
494
494
501
499
500
494
501
503
498
516
542
493
510
520
493
499
518
494
507
511
485
497
499
508
483
480
524
501
500
491
494
512
516
501
501
504
481
502
509
499
519
518
518
519
508
502
508
493
495
488
514
522
528
489
515
490
482
478
477
503
502
505
506
487
498
505
503
517
501
503
486
496
507
470
509
506
502
512
500
503
491
488
500
523
523
509
509
521
523
497
520
499
512
491
485
492
498
494
512
525
506
503
506
512
522
507
484
490
505
503
522
512
494
510
495
500
510
507
498
503
524
506
488
494
493
496
511
500
511
505
485
517
522
513
512
489
487
508
505
492
463
485
505
498
499
495
487
504
504
519
495
490
497
497
491
498
483
490
505
504
511
498
486
513
503
507
490
485
493
490
509
516
502
509
503
490
486
510
507
498
498
512
494
499
489
499
514
495
524
508
502
484
491
502
522
512
494
480
489
501
514
502
495
497
506
500
513
491
503
484
496
481
528
496
499
506
520
512
516
486
494
483
525
510
498
506
500
511
528
521
504
514
510
497
503
496
511
483
509
511
500
517
497
521
509
477
502
498
510
509
501
477
488
501
497
496
528
487
503
496
505
494
484
485
477
487
500
509
501
495
512
479
503
511
496
485
504
505
497
499
488
501
501
480
485
494
499
492
490
501
497
502
496
495
505
513
502
500
488
517
509
489
519
497
481
507
516
498
483
501
503
489
503
499
522
483
503
502
527
492
500
504
513
495
501
509
506
510
498
489
506
525
493
493
506
496
525
497
508
522
514
489
497
494
504
496
502
514
533
518
488
482
523
507
476
506
499
489
497
480
487
483
510
491
491
482
494
524
477
507
514
511
506
517
508
490
522
482
502
504
498
477
483
489
495
498
479
510
497
504
501
516
510
512
501
499
500
493
499
502
501
491
504
489
518
504
520
501
490
491
507
503
500
493
507
524
516
500
491
504
504
513
511
498
503
505
495
499
486
502
518
496
514
526
507
488
490
504
498
503
508
507
500
514
507
497
506
521
486
500
494
512
513
511
494
526
512
498
491
502
496
503
502
499
495
496
490
502
518
515
514
499
500
504
500
490
505
502
492
513
500
490
508
513
490
508
501
501
493
516
519
532
505
509
472
493
477
516
512
494
507
490
493
493
496
495
517
505
506
500
509
508
494
491
507
512
515
514
495
513
486
505
506
494
507
497
478
501
491
494
490
493
517
491
500
490
504
522
513
502
512
496
496
503
505
495
496
502
507
474
485
514
471
485
499
504
496
498
517
506
508
500
501
500
487
492
514
503
521
499
502
524
522
540
518
490
496
523
510
494
487
495
494
503
474
519
510
501
502
506
513
518
508
488
504
509
502
501
516
491
497
500
480
516
495
502
516
496
487
495
511
496
514
504
496
506
520
479
508
499
495
480
485
482
510
496
498
492
539
507
492
496
502
512
498
503
510
509
509
499
513
490
507
506
511
494
503
509
493
501
482
493
495
492
498
502
500
500
495
521
497
475
504
506
501
500
516
495
506
494
477
513
521
494
508
499
498
506
487
512
517
491
484
484
493
504
506
495
514
511
485
486
500
502
500
480
494
505
510
511
510
499
515
527
532
504
508
520
512
495
485
514
513
519
508
519
513
499
517
514
506
496
487
493
491
507
503
505
495
503
516
500
497
489
498
505
489
514
511
509
501
510
485
496
496
509
500
485
507
508
510
495
492
482
503
513
505
497
502
484
507
490
507
499
496
493
491
520
497
515
490
499
490
499
500
510
505
492
511
502
473
505
499
489
490
510
511
517
509
496
479
509
489
484
500
516
492
504
495
492
515
507
476
508
501
500
500
487
505
513
512
511
497
473
473
506
496
511
505
499
506
481
502
498
509
526
483
498
496
487
500
507
489
493
498
487
495
513
518
502
497
501
483
510
494
482
509
528
497
508
493
500
492
476
510
488
488
490
502
499
472
499
497
491
502
491
491
498
500
503
499
494
506
511
499
492
508
508
498
501
490
497
496
484
496
491
508
498
508
510
493
494
503
487
507
517
497
497
500
488
493
499
495
504
488
490
491
512
517
493
499
500
508
483
486
495
511
506
481
500
493
502
