500
515
488
507
500
484
490
517
501
509
480
490
491
514
501
506
512
475
486
497
502
495
501
501
493
504
508
513
511
507
491
482
497
506
506
489
486
507
496
481
499
499
483
501
507
504
499
497
499
510
483
474
489
483
501
509
496
505
494
495
495
493
484
479
496
504
524
520
491
509
512
493
507
504
515
493
503
501
520
485
500
484
510
505
471
483
513
502
494
498
476
497
497
481
493
526
506
511
494
492
488
515
506
492
515
509
498
487
520
503
500
498
508
520
504
506
503
508
492
522
507
517
513
517
496
492
501
491
489
505
491
493
480
513
500
505
501
506
513
512
477
494
521
502
488
496
503
491
509
485
496
500
510
497
512
495
517
523
509
493
492
489
499
485
492
486
499
509
485
504
496
495
498
499
497
510
514
505
515
493
507
500
484
475
496
476
503
515
501
485
501
511
486
503
505
502
503
516
488
517
506
491
497
490
510
500
506
503
489
499
509
499
506
500
522
509
489
501
481
506
498
509
511
516
501
517
510
506
507
500
488
517
498
494
502
499
507
499
518
475
505
496
507
501
494
512
497
511
506
509
491
510
524
515
499
485
491
516
486
489
499
492
492
516
510
510
481
513
480
492
493
495
476
491
498
492
504
496
501
486
511
505
498
501
520
498
503
492
496
523
523
516
483
513
497
502
514
495
490
498
492
509
511
500
489
506
515
499
483
513
507
501
493
488
494
482
488
475
503
512
509
490
508
490
512
496
503
494
509
504
489
493
510
484
485
493
494
499
485
500
510
495
502
504
494
493
502
506
492
501
488
490
496
494
494
506
500
493
512
491
491
495
504
510
491
498
495
487
515
487
495
517
481
500
512
519
498
500
505
519
521
516
490
503
515
493
477
502
493
505
504
517
511
497
480
504
511
518
490
503
519
512
499
504
512
501
486
508
491
502
502
508
490
497
511
510
509
494
487
498
502
508
488
494
482
502
511
486
504
510
490
509
504
491
489
521
493
499
500
508
504
497
510
500
487
493
499
523
499
505
491
513
496
491
504
497
493
515
513
488
501
483
503
500
492
494
514
512
507
501
489
498
514
493
507
517
501
503
477
523
485
514
481
485
492
485
489
504
496
492
500
495
501
484
518
494
514
506
526
502
489
495
492
502
491
519
520
519
478
514
501
503
519
513
500
516
496
508
485
509
506
517
483
508
498
510
497
504
525
505
494
497
508
492
501
488
497
504
503
498
511
499
492
480
500
517
506
511
504
498
478
497
511
502
511
486
491
528
514
505
498
493
500
513
494
502
493
487
495
500
492
501
494
510
482
520
515
497
481
482
502
515
481
508
505
494
510
511
496
487
510
500
507
511
483
499
519
489
494
505
504
499
496
480
496
503
502
510
502
505
509
481
494
494
500
490
488
505
489
484
517
514
502
495
481
489
516
488
517
511
498
492
488
478
489
509
491
506
493
502
485
488
497
522
514
499
512
493
478
495
503
487
502
524
496
503
505
500
475
508
518
530
521
501
503
490
505
505
499
522
478
497
485
500
499
488
484
522
499
494
495
498
504
484
479
491
508
487
507
502
484
507
508
493
489
493
527
479
515
503
507
510
490
501
494
499
478
516
516
501
507
496
502
490
520
500
506
491
515
515
498
498
488
515
524
507
496
508
501
504
476
507
507
510
501
494
495
515
519
494
510
507
501
516
515
501
520
513
514
511
510
508
511
498
525
497
518
509
521
488
488
504
518
495
483
514
491
487
497
497
516
506
517
502
502
486
503
509
492
508
514
509
507
497
501
498
493
504
481
503
493
517
487
489
503
495
499
494
497
513
504
507
503
516
495
511
507
495
506
498
504
506
490
485
506
487
494
503
483
512
493
498
508
501
509
499
515
524
500
515
495
488
492
492
525
506
496
469
496
508
502
490
513
480
509
519
511
534
497
486
497
480
482
500
514
504
509
512
495
501
509
501
509
506
500
512
509
497
505
493
509
523
507
499
499
500
467
495
503
489
515
501
501
499
503
484
513
510
508
497
496
511
511
501
509
495
509
514
501
518
501
494
504
489
512
514
509
477
484
520
496
506
500
503
501
505
511
494
493
499
505
501
501
497
520
508
503
492
510
479
489
504
513
483
505
508
502
501
508
514
516
493
495
504
517
506
503
484
505
520
493
518
508
491
502
505
509
491
497
509
514
505
503
507
486
485
507
493
512
498
510
509
501
512
489
515
501
495
476
510
490
489
492
485
501
528
501
507
518
498
512
497
495
508
524
478
484
484
495
502
502
506
492
502
485
501
498
496
502
493
501
512
491
508
506
493
494
486
512
517
492
497
489
497
494
469
498
503
498
501
497
488
488
503
515
506
497
513
512
499
498
482
505
503
480
510
494
482
490
525
506
491
484
485
508
501
492
500
499
496
500
510
506
490
510
512
502
492
510
506
525
504
498
490
507
496
507
494
515
502
487
487
493
493
495
524
516
501
497
505
501
494
498
525
494
473
488
495
512
501
508
503
487
482
501
509
495
505
506
502
492
507
502
498
507
503
509
513
499
500
494
495
513
504
501
499
496
516
495
522
502
490
502
504
512
505
502
509
485
505
470
500
485
491
497
485
513
493
498
500
497
503
519
527
504
498
520
498
483
490
488
505
498
502
494
492
497
502
499
486
501
497
500
527
493
506
501
522
487
500
490
503
508
494
515
493
514
500
516
501
508
513
499
484
484
502
498
497
497
506
498
517
494
509
498
503
503
507
511
484
506
502
499
514
504
513
507
492
504
506
486
493
486
503
493
525
517
510
496
511
497
488
487
504
524
504
499
498
503
517
505
517
495
492
495
517
526
509
520
515
494
508
492
504
502
486
501
500
472
513
514
496
499
496
500
504
505
506
518
485
502
514
487
518
490
496
504
502
498
511
490
503
511
506
489
474
484
482
498
505
518
504
495
508
526
504
487
490
503
490
500
491
489
507
498
521
510
491
487
475
500
493
476
499
496
500
508
487
493
499
504
497
487
499
506
486
492
499
503
499
497
492
491
508
508
509
489
512
502
503
499
490
485
502
498
499
476
518
497
518
509
501
506
491
498
514
495
503
503
494
488
505
503
495
497
477
494
493
499
485
512
500
496
480
493
494
501
515
516
507
500
511
503
491
516
507
505
503
520
510
517
512
500
522
503
508
514
479
487
502
500
506
491
506
495
513
505
497
496
498
493
486
513
484
499
502
492
500
492
505
479
496
487
515
503
498
505
502
507
506
509
515
485
520
487
499
521
519
513
506
504
500
488
490
495
509
497
498
497
488
506
509
503
516
490
514
483
493
507
492
503
498
492
503
524
497
497
501
503
503
506
497
497
473
497
509
492
506
488
506
514
471
501
500
497
523
499
474
502
515
493
489
496
516
504
515
508
508
499
505
518
479
502
485
489
520
508
517
495
492
496
504
500
501
497
501
479
505
497
519
506
501
501
509
498
492
512
494
478
491
500
497
499
521
516
486
515
500
524
505
484
503
496
500
499
503
484
493
492
484
496
505
503
511
519
499
504
499
508
504
498
509
491
502
491
504
501
491
507
505
496
503
512
500
514
505
501
490
487
492
507
498
496
496
490
484
514
499
513
491
514
519
504
528
488
488
505
531
512
506
500
501
509
505
509
489
511
500
487
485
506
472
517
491
506
492
495
494
511
475
483
494
515
502
518
485
502
523
503
503
508
486
504
502
499
500
517
514
510
500
515
493
517
504
488
495
505
503
484
502
507
481
493
503
519
483
504
528
507
514
502
495
493
503
475
513
480
483
492
499
505
498
498
503
490
496
520
498
499
499
502
488
484
509
498
476
510
506
503
502
493
508
489
513
508
485
502
493
510
503
505
503
457
517
523
502
502
496
486
478
515
509
502
508
484
507
499
499
503
517
500
504
514
497
494
502
491
497
501
496
501
486
518
492
501
508
499
516
495
481
515
517
500
500
492
495
497
507
511
526
515
513
491
495
476
508
502
526
489
510
499
506
507
500
485
489
495
484
504
484
517
503
487
491
519
492
505
482
488
510
476
495
509
507
475
493
505
486
495
504
515
507
506
499
490
491
480
500
500
513
489
506
509
494
496
508
491
506
490
511
486
485
500
494
512
489
495
483
501
490
499
508
514
504
498
501
505
488
491
492
515
482
489
504
476
521
491
512
497
511
501
523
523
492
489
510
517
488
494
478
489
496
497
506
499
505
502
484
516
492
508
485
482
476
491
507
499
494
513
505
501
509
516
494
500
486
490
518
526
501
510
511
496
508
510
482
491
473
499
501
501
501
532
498
491
495
506
505
513
508
481
499
499
515
507
509
508
487
506
494
517
498
506
494
491
479
503
494
494
505
503
496
502
507
477
514
475
491
500
486
479
481
488
487
498
503
498
499
514
494
498
500
491
510
525
511
494
509
496
509
508
484
504
500
497
506
493
511
483
498
496
484
517
509
486
512
507
506
529
475
510
502
508
522
500
506
497
495
478
493
492
496
508
494
505
482
501
503
508
483
511
492
494
479
491
507
511
510
510
496
